2.5323,-10.488,1
3.7351,7.9283,1
-2.9605,6.7834,1
-12.238,3.0186,1
0.3456,-10.582,1
-3.8309,-10.522,1
6.3026,6.5617,1
2.6349,-10.15,1
-11.063,6.7598,1
6.8374,-7.7188,1
7.4468,-6.887,1
-6.6577,-9.3684,1
-11.668,5.5405,1
-1.6691,7.37,1
-5.6961,-0.075642,1
-10.106,-6.1701,1
-9.7847,-6.661,1
1.9283,-10.599,1
8.1463,-5.8126,1
8.2833,4.2815,1
5.8657,-8.3848,1
-3.8286,6.4373,1
9.008,-4.4266,1
-12.242,3.2358,1
6.5242,6.3116,1
-12.157,1.3596,1
2.4232,8.0196,1
-12.306,1.9919,1
0.17183,-10.792,1
-2.8355,-10.49,1
-10.486,8.4147,1
9.793,-2.0033,1
-12.128,3.4991,1
-12.17,0.6596,1
1.5985,-10.48,1
-5.5739,-1.462,1
7.9915,-5.8528,1
-11.331,6.4216,1
-12.455,-0.00591,1
7.8758,-6.0046,1
9.8771,-2.0066,1
-11.707,-2.7717,1
8.511,4.1024,1
-0.19017,-10.681,1
-5.5815,4.2037,1
-4.0924,5.5879,1
-12.481,1.4558,1
-10.006,-6.1655,1
-10.055,8.4778,1
-11.885,4.1407,1
-4.8386,-10.104,1
-11.347,6.7447,1
-7.8665,-8.5304,1
-0.49697,-10.633,1
-0.89636,-10.876,1
-4.5148,5.6829,1
-12.122,2.3256,1
-7.5948,-8.5942,1
-11.784,3.9239,1
3.8472,-9.8454,1
1.2006,-10.717,1
9.2125,1.8616,1
-9.8996,9.3577,1
4.8496,-8.9448,1
4.414,7.7041,1
-11.794,-2.6869,1
7.8913,-6.1887,1
-3.9765,6.1516,1
-12.402,1.5852,1
-0.37326,8.0101,1
0.52068,-10.624,1
-1.6601,-10.671,1
-9.5317,9.5084,1
-11.895,5.3699,1
-6.6904,-9.2603,1
8.2829,4.5172,1
9.711,-1.0521,1
-8.3861,-7.7276,1
-10.492,8.4532,1
-5.8024,3.5666,1
-5.8314,-1.159,1
9.3142,1.3647,1
8.1397,4.3217,1
8.6157,3.3361,1
-8.731,-7.3786,1
7.8869,-6.3928,1
-10.935,-4.6404,1
-12.145,1.3774,1
3.665,-10.018,1
-4.8877,-9.9147,1
-7.9499,-8.4895,1
-12.209,0.50093,1
5.7668,6.5638,1
-4.7981,-9.7812,1
1.5848,7.9473,1
-9.7671,9.329,1
8.0038,-6.2327,1
-4.1657,-10.499,1
-9.6823,-6.7943,1
9.7923,0.28998,1
-10.056,8.5268,1
-12.258,-0.40511,1
-10.243,-5.6584,1
-8.7473,-7.7191,1
-5.1842,-9.6898,1
-2.887,6.82,1
9.4052,-3.8492,1
-10.124,8.5682,1
-4.2323,5.7848,1
-12.316,2.0691,1
-2.7484,7.0385,1
4.3918,7.4777,1
-11.618,-2.5637,1
8.1648,-5.9578,1
-12.119,3.3012,1
8.9773,2.7217,1
-1.4763,7.7698,1
-3.3746,-10.473,1
-12.11,4.7055,1
-3.7316,-10.451,1
4.1701,-9.612,1
-11.727,-1.8841,1
-10.605,-5.2991,1
-4.6275,-10.068,1
-5.1711,4.6816,1
9.4604,0.10422,1
9.613,0.43554,1
-11.753,-2.0887,1
7.4211,5.0977,1
9.16,3.097,1
-10.089,8.7496,1
-9.4465,9.2941,1
-12.448,2.4091,1
-7.7035,-8.4206,1
5.1894,-9.2738,1
9.5362,2.188,1
-11.181,6.2482,1
-5.6322,3.6124,1
-2.1241,7.5832,1
-10.464,8.112,1
-5.0545,4.8675,1
1.9807,8.2223,1
-12.162,-1.7824,1
7.3233,5.2894,1
-2.489,-10.667,1
1.4245,8.1283,1
-7.8709,-8.1303,1
-12.18,3.5394,1
7.6635,-6.5327,1
-11.751,4.9129,1
-6.3366,-9.2659,1
-11.723,4.5764,1
-12.22,2.5086,1
-11.677,5.4764,1
7.501,5.5229,1
7.3123,-7.1975,1
-2.088,-10.52,1
-10.008,8.6364,1
8.6884,3.3649,1
-11.479,-2.9279,1
-8.5415,-7.9226,1
-2.2353,7.0542,1
-2.0068,7.3156,1
6.9091,5.7944,1
-11.153,-4.492,1
-2.0411,7.6172,1
-4.4233,-10.244,1
-0.03359,7.9278,1
9.8177,-0.095471,1
-7.7663,-8.2777,1
8.8154,-4.1538,1
-11.793,-2.8996,1
-9.6678,-6.4751,1
-7.6432,-8.2189,1
-6.1899,2.5896,1
9.0483,2.0124,1
-6.2351,2.3023,1
6.5347,5.8645,1
-11.276,-3.6935,1
-10.981,7.2124,1
4.8974,-9.281,1
6.8798,-7.7326,1
2.51,-10.195,1
7.9101,-6.731,1
8.9665,-4.0852,1
-12.145,4.1559,1
-11.807,-2.9763,1
-4.0558,-10.424,1
4.3147,7.8772,1
-8.9128,10.364,1
4.341,7.6132,1
-2.206,-4.4632,1
-11.518,-3.2261,1
-10.756,-4.9959,1
8.7437,-4.3895,1
-10.208,8.4865,1
3.4505,-9.7319,1
6.0386,6.5316,1
6.0949,-8.3936,1
-11.773,-2.7047,1
9.5948,-1.5667,1
-6.3869,-9.0926,1
-2.1229,7.2722,1
-11.012,6.5287,1
-8.5471,-7.6076,1
9.6652,-0.74737,1
-4.5881,5.7491,1
7.9834,4.3103,1
-9.217,-7.0055,1
-5.1735,-9.7213,1
-5.5372,-1.6998,1
5.432,7.1345,1
8.3976,-5.9329,1
-7.3828,-8.753,1
-1.1485,-10.998,1
-9.2371,9.9515,1
-7.9225,-8.2385,1
-10.401,7.7301,1
1.8599,8.0994,1
-7.4177,-8.3462,1
2.0195,-10.423,1
2.1634,8.0515,1
-8.9129,9.982,1
9.4446,-3.9621,1
-7.9786,-8.023,1
-1.4507,-10.684,1
-12.176,-0.45973,1
8.658,-4.8389,1
-4.7644,5.1724,1
1.6278,-10.529,1
8.6059,-5.5425,1
7.1626,-7.3013,1
3.4597,-10.215,1
9.6138,1.7457,1
-10.985,-4.5409,1
-11.231,5.8423,1
8.4789,3.7768,1
-12.44,-0.89501,1
6.7361,-7.4225,1
7.3878,5.0732,1
-12.328,-1.4807,1
-10.338,8.6236,1
9.4572,1.5396,1
-11.822,4.9751,1
-4.064,-10.476,1
-9.689,8.7465,1
-1.1172,-10.549,1
-9.0616,9.9907,1
7.758,-6.7132,1
-11.387,6.6172,1
-10.419,-5.8244,1
-9.4246,-6.4463,1
-0.78728,8.0533,1
8.683,-4.939,1
9.4231,0.83113,1
9.2111,-4.3035,1
-3.6704,-3.4315,1
9.636,-3.0376,1
-12.296,2.324,1
-5.9695,2.9056,1
5.9907,-8.1229,1
0.16669,-10.802,1
-9.9024,-6.4492,1
-4.1737,-10.103,1
9.2082,2.3448,1
3.949,-9.927,1
-9.1917,9.5743,1
-4.6202,-10.031,1
-0.71631,-10.81,1
-2.9251,-10.576,1
-3.9088,-10.174,1
7.2144,5.8822,1
6.1248,6.5823,1
-12.264,0.81596,1
9.1242,1.6664,1
-7.0267,-8.548,1
-4.7341,5.177,1
6.0574,6.8385,1
2.4425,-10.087,1
7.0586,5.5846,1
-8.8567,-7.5906,1
-9.459,9.3931,1
9.571,-0.7918,1
-12.2,0.070259,1
9.4314,2.3673,1
-11.074,6.4956,1
8.7836,-5.0638,1
-5.7094,-0.1884,1
6.2454,6.3892,1
-6.153,2.2431,1
9.0121,-3.8738,1
-1.7243,-10.603,1
-10.932,6.4541,1
6.0026,6.3838,1
8.6995,3.9093,1
-11.213,-3.6962,1
-10.286,8.0196,1
-12.097,3.5102,1
-12.326,0.20735,1
4.7108,-9.4571,1
-9.2735,9.64,1
3.9833,7.8076,1
-2.1195,7.2876,1
7.856,4.8833,1
-10.776,7.8955,1
-12.205,3.6841,1
-11.178,-3.5564,1
0.1557,-10.517,1
8.5989,4.2162,1
-5.553,-1.8943,1
9.1555,-3.2254,1
-4.2021,-10.256,1
4.9074,7.2846,1
-10.681,-4.5435,1
7.0304,5.8231,1
-5.8506,3.1039,1
-5.8865,-0.54411,1
-10.708,-5.0192,1
5.5929,6.7914,1
-11.54,-3.5388,1
0.98231,7.9687,1
-9.974,-5.8346,1
9.5192,1.0072,1
8.0347,4.4815,1
1.6509,-10.306,1
-9.4618,-6.2885,1
-11.689,-2.9241,1
-8.3909,10.239,1
4.0308,7.7724,1
-3.3843,-10.391,1
5.1402,-9.3147,1
-5.7294,-1.4976,1
7.2082,-7.4676,1
-10.742,6.8968,1
9.5537,0.58284,1
4.4524,-9.3486,1
-0.075938,-10.522,1
-9.3531,9.7462,1
1.3047,-10.599,1
-2.1002,7.2353,1
9.6386,0.97565,1
-1.8526,-10.967,1
0.31899,-10.62,1
9.746,1.4262,1
-4.2833,5.9773,1
-11.79,-3.2789,1
9.6927,-1.6839,1
-1.1943,8.0225,1
-6.1146,-0.23027,1
-3.2453,6.6189,1
-11.576,-3.4872,1
-11.462,5.6871,1
-12.291,1.5007,1
-4.9589,-10.167,1
5.4716,6.9635,1
-9.6016,-6.8321,1
5.1539,-9.3366,1
-11.975,3.8419,1
-8.8648,-7.4827,1
-9.8462,8.7301,1
4.2225,-9.5144,1
-11.935,-0.98254,1
-12.463,2.1863,1
8.9398,-4.5034,1
8.7111,-5.4351,1
6.9166,6.1858,1
-9.5328,9.0523,1
2.9779,-10.089,1
-8.1645,-7.9175,1
-5.7884,-9.6085,1
-11.114,-3.7638,1
-12.321,2.788,1
9.6553,-2.0022,1
9.9612,-1.4028,1
7.1174,-7.3212,1
-11.223,6.213,1
-11.061,6.6558,1
8.1435,-6.1707,1
-2.5665,7.0124,1
-11.759,5.0332,1
-0.46073,-10.918,1
-2.1131,-10.903,1
-4.9718,4.8249,1
-11.68,-3.4603,1
-5.1525,4.4842,1
-5.8634,-0.50617,1
-2.7834,-10.5,1
9.5725,1.6028,1
-5.8593,-0.16445,1
2.4714,-10.329,1
1.3501,-10.653,1
-3.3497,-10.54,1
-1.8351,-10.783,1
-12.296,-1.4619,1
-11.204,6.7837,1
7.935,-6.6048,1
2.7227,-10.282,1
-2.9931,-10.505,1
-11.881,-2.3429,1
4.6085,7.4846,1
-2.8068,7.2015,1
8.9867,3.3176,1
-2.7493,7.1694,1
2.978,-10.323,1
-11.943,-1.1795,1
-11.998,4.2265,1
9.5857,-0.44193,1
-12.436,-0.059311,1
-11.062,7.2248,1
-9.5555,-6.8364,1
9.7884,-0.44735,1
-9.0863,-6.8205,1
0.74354,8.3853,1
-10.582,7.5984,1
5.5576,6.9757,1
-8.8891,10.036,1
0.11002,8.1502,1
-4.2067,-3.4578,1
6.2387,-7.913,1
-8.9687,10.107,1
-10.249,-5.7804,1
-11.016,6.7528,1
-3.1118,6.7601,1
7.6129,4.9045,1
8.6233,-5.6828,1
-11.955,-1.7802,1
-5.3488,4.2063,1
1.8247,-10.621,1
-12.226,-1.7848,1
-5.0177,4.6858,1
0.24634,8.1825,1
3.9533,-9.9968,1
-4.459,-10.18,1
3.1565,-10.304,1
-11.991,-1.3513,1
-1.6271,-10.904,1
-9.8726,8.7,1
-12.199,4.5252,1
-11.025,-3.9495,1
-12.054,3.3514,1
-11.831,-2.4843,1
-5.4659,-9.6843,1
-11.903,4.7369,1
-8.8349,-6.9784,1
-11.933,3.2797,1
-10.016,-5.7612,1
9.7035,0.92731,1
3.2726,-9.9802,1
-7.1773,-8.9986,1
-10.224,-6.058,1
9.8602,-2.1406,1
-8.9102,-7.4595,1
-5.5471,-9.6519,1
9.2923,2.107,1
-7.6895,-8.0932,1
-11.349,5.7809,1
-5.4664,3.7321,1
9.3248,-3.4094,1
0.1889,7.9663,1
6.9881,-7.3357,1
-5.3103,4.4248,1
-12.125,2.644,1
-9.713,-6.4614,1
8.5312,-5.8919,1
0.20436,-10.723,1
-12.256,1.7234,1
-8.5636,-7.375,1
7.2327,5.6655,1
-7.9003,-8.0533,1
6.8524,-7.5589,1
-2.9617,7.2257,1
-8.7107,10.062,1
4.7641,-9.5833,1
-2.4472,6.9679,1
-12.27,2.1027,1
0.20767,-10.651,1
-2.3084,7.2562,1
-7.1456,-9.0096,1
-10.69,7.8206,1
-2.6946,6.8242,1
8.7158,-5.3404,1
-7.6146,-8.6522,1
-11.692,5.9241,1
9.2635,-3.5047,1
-0.87149,8.1136,1
-10.187,-5.6897,1
9.56,-2.8657,1
6.9267,-7.2694,1
-3.6837,-10.333,1
-8.385,10.468,1
-4.8057,-2.2963,1
-11.98,4.2306,1
9.6222,-0.67519,1
-12.228,1.3417,1
-10.65,-4.9455,1
-5.7565,2.6776,1
-11.52,-3.343,1
-0.028554,-10.96,1
9.9561,-1.1195,1
-6.1537,3.0366,1
-1.221,7.6363,1
9.2771,2.5257,1
-0.72005,-10.81,1
-10.044,-5.9123,1
-12.034,4.853,1
-12.226,-0.98791,1
-6.1378,2.2586,1
-0.1113,7.7691,1
-3.1388,6.6433,1
0.62001,-10.809,1
2.5158,-10.297,1
3.3799,7.8909,1
1.2649,8.1757,1
-9.9475,-6.179,1
-12.337,2.7382,1
-6.2051,-9.2693,1
8.6835,-4.6596,1
9.0663,-4.4848,1
3.0789,8.0124,1
6.6462,6.3937,1
-2.4268,-10.699,1
-5.6276,-1.6939,1
-11.799,5.6426,1
3.7755,-10.013,1
-1.6333,7.846,1
1.1207,-10.675,1
-12.187,-1.3216,1
-10.389,7.8765,1
4.703,7.2537,1
-2.5032,-10.601,1
7.1745,-7.3826,1
-12.546,0.86282,1
-12.432,1.3075,1
-12.192,3.7799,1
-1.7385,-10.516,1
-11.89,-2.2351,1
-12.492,0.98168,1
0.034845,-10.623,1
-1.3795,-10.707,1
9.6853,-2.4092,1
9.6172,-3.3442,1
-2.9317,-10.555,1
-1.6402,7.794,1
8.7872,3.7225,1
7.0233,-7.6931,1
-6.7775,-9.2278,1
-12.026,-2.0771,1
7.4538,-7.3792,1
-4.4891,-10.358,1
9.5048,-2.5415,1
-12.329,-1.3642,1
4.4566,-9.3133,1
-2.5696,-10.52,1
-8.0605,-8.4184,1
-9.2591,-7.0034,1
-0.27222,8.2022,1
-11.495,-2.5014,1
5.8636,-8.6317,1
-12.019,4.3544,1
-6.5442,-9.2107,1
-0.43434,7.9855,1
4.8919,-9.3954,1
7.2036,5.8409,1
2.288,-10.215,1
7.4425,-7.2033,1
2.1913,-10.598,1
2.476,7.9974,1
3.9531,-9.6421,1
-0.24071,8.1331,1
-11.49,5.4377,1
5.3805,-8.9412,1
6.7465,5.6325,1
-9.6219,9.1661,1
-10.769,-4.7847,1
-3.5109,-10.542,1
0.39374,-10.758,1
0.23084,8.174,1
-10.804,7.254,1
3.6888,7.5534,1
-8.6177,10.161,1
-8.6665,-7.4744,1
-9.6441,-6.4021,1
7.175,-7.4021,1
-10.437,-5.8299,1
5.4033,-8.7986,1
-8.0268,-8.0669,1
2.4683,8.1849,1
-9.9781,-5.784,1
-4.9849,-1.8415,1
-12.363,0.90945,1
-6.1907,-9.5181,1
5.3941,6.7663,1
-12.558,1.8868,1
-10.68,7.3702,1
7.2373,-7.6195,1
6.6357,-7.8976,1
-0.39237,7.698,1
-12.289,0.80969,1
9.5401,0.82418,1
8.9317,-4.2996,1
-9.5219,9.1037,1
-11.328,-3.1936,1
-11.114,-4.8245,1
5.1322,-9.0284,1
-1.584,-10.682,1
-10.632,7.873,1
-11.748,4.8415,1
-11.165,6.3802,1
-9.0835,9.7237,1
6.5665,6.2056,1
-5.2563,-2.0339,1
-10.79,-5.2486,1
-10.342,8.3679,1
-5.1751,-9.6923,1
3.3707,-9.9541,1
9.4535,-2.7161,1
-10.783,7.2272,1
5.5118,-9.0262,1
-4.5662,-10.267,1
-8.4686,10.245,1
-11.92,-2.0239,1
-12.271,-0.30778,1
5.5513,-8.7253,1
3.2578,7.9025,1
6.7624,-7.9321,1
-7.9847,-8.314,1
-11.535,5.776,1
6.1372,-8.0206,1
-10.443,8.2672,1
8.1572,3.9712,1
-6.0784,2.4254,1
-12.099,-0.91873,1
-11.589,5.4399,1
6.7112,-7.8297,1
-2.45,-4.2695,1
9.9374,-1.7024,1
5.9405,-8.4768,1
9.5133,1.4666,1
7.4495,5.4113,1
-10.719,7.2624,1
1.379,8.2999,1
4.6618,7.5703,1
6.8081,5.7606,1
-11.03,-3.8461,1
-9.3367,-7.1033,1
-12.035,-0.41482,1
-4.2787,-2.674,1
0.022656,-10.852,1
1.071,-10.36,1
-6.4581,-9.3934,1
-10.852,-4.3308,1
2.281,8.0262,1
0.85099,8.0044,1
-11.218,-4.2881,1
-5.0838,4.7735,1
4.8356,-9.3098,1
8.8242,-4.5477,1
5.4029,7.3315,1
4.6835,-9.3475,1
8.927,2.3952,1
-8.4097,-7.8667,1
-1.5254,7.645,1
-5.841,-0.79482,1
8.9738,-4.4394,1
8.7258,2.7169,1
0.21298,8.264,1
5.3776,-8.8339,1
7.8936,4.978,1
-7.7649,-8.4698,1
-8.2768,-8.1148,1
-11.365,-3.8984,1
-11.005,-4.5663,1
-4.7782,-2.5799,1
-11.646,-2.884,1
-11.634,-2.6913,1
-11.415,-2.978,1
8.5644,-5.4407,1
7.543,-6.3931,1
-11.735,-2.1199,1
2.0674,8.3371,1
0.039354,8.14,1
9.0072,2.3534,1
2.9475,7.87,1
7.1618,-7.2178,1
-6.1202,-0.033397,1
-11.996,-1.5671,1
-6.6567,-9.184,1
7.3986,-7.0771,1
9.4133,-3.6252,1
9.6067,-2.9903,1
-12.066,4.1692,1
2.3364,-10.544,1
6.0132,-8.6597,1
-9.8535,-5.9755,1
9.6232,1.2846,1
5.7752,6.7745,1
4.892,-9.2141,1
-8.8225,-7.1677,1
-4.5416,5.6904,1
-11.25,6.4618,1
7.6652,-6.6129,1
-10.854,7.1414,1
-4.7016,-9.9585,1
-0.93336,-10.845,1
9.4999,-1.3752,1
-3.4774,6.7915,1
-8.1015,-7.86,1
-12.301,-0.63973,1
9.7303,-2.0501,1
9.5666,-0.12309,1
9.8971,-0.24197,1
-0.4461,-11.003,1
-11.85,-2.671,1
-11.296,6.7915,1
-6.1417,-9.2597,1
9.5516,0.62536,1
8.5185,3.8644,1
-12.172,1.5169,1
-1.0488,-10.927,1
-12.404,2.2439,1
0.20205,8.0549,1
9.5834,0.49276,1
-10.467,-5.7893,1
-10.188,8.6897,1
6.7356,6.024,1
9.7336,0.64768,1
3.2644,7.8333,1
-10.952,-4.8951,1
6.6936,-8.1678,1
-4.5968,-9.8999,1
4.0983,-9.4381,1
9.5589,-0.82816,1
4.5545,7.4372,1
3.2205,8.1142,1
7.8333,4.9952,1
6.0574,-8.347,1
6.2574,6.7398,1
7.7528,5.073,1
1.3255,-10.722,1
-11.606,-2.4629,1
8.6199,-5.1306,1
7.202,5.7492,1
9.6192,0.50895,1
-2.1784,-10.665,1
7.8646,-6.1685,1
-10.094,-5.9286,1
1.5427,-10.715,1
5.2653,7.2855,1
-3.4823,-10.241,1
3.2992,7.7005,1
8.8563,3.2414,1
-12.108,3.9009,1
6.5807,6.3212,1
-1.3519,-10.706,1
1.5798,-10.551,1
7.8177,4.7959,1
7.7095,5.0436,1
3.0439,-10.292,1
-12.077,3.8811,1
5.1227,7.4251,1
-8.8797,-7.485,1
-12.28,0.8869,1
-6.6969,-9.0369,1
-5.9909,1.6635,1
-9.2332,-6.759,1
-9.6641,9.0269,1
5.373,-9.0183,1
-9.6472,-6.4572,1
-12.014,4.6188,1
0.75142,8.3667,1
-12.131,3.9638,1
-8.1953,-7.9792,1
-9.9975,8.8913,1
-2.2141,7.612,1
-10.24,-5.5766,1
-11.638,5.9204,1
7.8804,4.6398,1
-10.733,6.8549,1
-12.17,1.4629,1
1.5191,8.3038,1
-1.5839,-10.802,1
-11.819,5.1794,1
9.5371,-1.096,1
8.7973,3.8178,1
2.8319,8.0676,1
-11.479,-3.6923,1
-10.274,-5.3192,1
-11.447,-3.7474,1
2.7098,-10.058,1
-11.093,7.1653,1
-3.0648,6.8441,1
-8.1885,-7.8672,1
2.6003,-10.416,1
-2.9081,-10.596,1
-9.7612,-6.6426,1
9.225,2.6902,1
-11.618,-2.9316,1
6.0289,6.5922,1
-8.7423,-7.5512,1
-10.253,8.3384,1
-10.737,7.9392,1
-5.9895,1.807,1
5.7993,6.9528,1
-12.518,2.5933,1
-3.3041,-10.328,1
-3.643,-3.7905,1
0.76819,8.2157,1
-9.251,9.8821,1
6.7728,5.8665,1
-5.2278,3.9974,1
-10.329,-5.572,1
-11.267,6.0237,1
7.6283,-6.9791,1
-8.9162,10.184,1
-7.4429,-8.1728,1
1.7792,-10.564,1
-9.4631,-7.1625,1
7.7399,5.0519,1
-9.1074,-7.331,1
-8.3176,-7.9194,1
-9.7711,-6.2823,1
-4.6581,5.3903,1
-7.6867,-8.4518,1
3.1863,-9.9884,1
9.3362,-2.9772,1
0.78912,-10.615,1
4.2032,-9.8128,1
5.4338,7.2366,1
-11.556,-3.6558,1
-11.957,3.4088,1
-12.186,0.049085,1
-9.1628,-6.6503,1
9.5424,-2.6067,1
-10.039,-6.1022,1
8.1987,-6.2703,1
9.4626,0.82975,1
-5.6602,-1.0169,1
5.3005,7.1003,1
9.228,1.3015,1
6.4334,6.3746,1
7.0994,5.8089,1
-6.0636,-0.47702,1
-11.987,-1.4744,1
9.2102,1.5798,1
-8.6722,10.379,1
-1.0885,7.6488,1
-9.0205,9.7411,1
-10.476,8.1501,1
3.3156,7.7667,1
9.5876,1.8955,1
9.4373,1.3885,1
-8.3118,-8.0689,1
-9.9572,-5.8829,1
6.8446,-7.5722,1
4.4347,-9.5468,1
0.99035,7.9623,1
8.5988,-5.2749,1
-11.525,4.9934,1
9.9244,0.30198,1
-9.9939,8.9679,1
2.1426,8.1517,1
7.9868,-6.1721,1
-9.7317,9.0038,1
-10.2,8.2715,1
-8.9819,9.9225,1
7.6474,5.2132,1
6.5712,-7.5514,1
-8.5856,10.108,1
-10.705,7.2069,1
7.7293,4.9242,1
-12.456,2.2502,1
-10.081,8.0548,1
-4.7107,-9.9681,1
-1.2119,7.9869,1
-12.255,2.3478,1
-8.7054,-7.3007,1
-2.5821,7.2688,1
8.4739,3.7484,1
8.0409,-5.9813,1
-4.1087,6.0881,1
-8.1165,-8.0515,1
-1.9254,-10.616,1
-12.278,3.1718,1
-7.7786,-8.2665,1
4.2857,-9.4118,1
9.0414,-4.3143,1
-1.4368,7.4653,1
-5.5505,-1.3187,1
-11.995,4.7313,1
9.6611,-0.96429,1
3.3865,-9.8327,1
4.2994,7.5712,1
-2.0291,-10.622,1
-3.4235,-10.621,1
7.1572,-7.3506,1
-11.775,4.9923,1
-11.174,-4.3369,1
-3.8298,5.9881,1
6.6772,-8.011,1
0.31899,-10.936,1
4.8353,-9.0334,1
8.0244,4.8859,1
9.2928,-3.4772,1
-10.492,7.4075,1
-9.5796,8.9927,1
-9.8735,9.1367,1
-1.4244,-10.705,1
-6.8377,-8.8996,1
0.9513,-10.643,1
-10.892,7.4331,1
2.9045,8.0144,1
-12.521,0.96372,1
-10.516,7.9658,1
-12.345,-0.55685,1
1.6814,-10.318,1
9.133,-3.4263,1
-1.3482,7.7005,1
8.6433,3.6666,1
-10.863,-3.9547,1
-10.343,8.1756,1
8.1288,4.2685,1
-11.804,4.6761,1
-12.152,3.495,1
-5.2183,4.6891,1
9.8876,0.258,1
-12.341,3.5947,1
-8.3607,10.486,1
-1.367,7.5949,1
3.5611,7.6366,1
-0.093836,-10.582,1
-11.751,4.5708,1
8.5074,3.6365,1
-9.182,-6.8753,1
-12.359,0.58874,1
1.9392,8.2938,1
5.1413,-8.7285,1
-11.533,-2.5729,1
9.8583,0.52673,1
-10.883,-4.7542,1
9.4313,-2.174,1
-5.8756,3.3735,1
9.7912,0.96333,1
6.1491,-8.1433,1
0.60155,-10.688,1
2.7788,-10.204,1
-4.7476,-9.9565,1
-10.599,7.992,1
4.8862,7.5356,1
-5.3543,-9.701,1
0.46417,-10.51,1
-11.214,-3.3695,1
-11.565,6.1097,1
2.6784,8.0785,1
1.5553,8.0263,1
9.2682,1.598,1
-11.858,-2.8625,1
-10.338,-5.1766,1
8.6309,-4.867,1
7.9583,-6.2041,1
-1.4351,7.6305,1
-11.768,-2.3864,1
-0.74422,-10.685,1
-11.218,6.0067,1
-9.9797,8.5287,1
-12.246,-0.63626,1
-11.973,-2.5341,1
5.7844,6.8665,1
-8.3395,10.284,1
-0.45239,8.1052,1
-5.7366,-9.3503,1
-9.3142,9.7944,1
-12.251,1.8311,1
-12.085,-0.38335,1
-9.8301,8.7765,1
3.7252,-9.4938,1
-11.188,6.6618,1
-11.418,-3.2316,1
-7.9491,-8.3247,1
-11.961,-2.182,1
9.6429,-1.1114,1
-11.591,4.9862,1
-1.1902,-10.635,1
-1.4525,7.5575,1
9.6845,-1.9838,1
0.65214,-10.867,1
-12.375,1.8261,1
-11.11,7.2585,1
6.7308,-7.8826,1
1.6101,-10.375,1
-11.84,-2.1884,1
-9.5023,9.4887,1
7.9143,-6.6355,1
-12.407,1.1527,1
-4.9528,-9.8526,1
-12.124,-1.2379,1
9.5301,-2.1758,1
3.1925,8.0218,1
-4.7604,-9.8404,1
-3.6318,6.5887,1
-5.9129,-9.7039,1
-11.903,-1.5775,1
-11.862,5.3718,1
9.7594,-0.78934,1
-9.6995,-6.4631,1
-5.3602,4.4372,1
-8.8973,-7.053,1
5.3901,6.7874,1
8.7463,3.1431,1
8.8537,-5.0674,1
-1.6134,-10.584,1
-9.2814,9.7906,1
7.7775,-6.5882,1
8.1622,-6.1155,1
-11.156,-4.2638,1
-2.1286,7.1424,1
9.0505,3.4482,1
9.4739,0.29083,1
-4.2913,-9.957,1
6.1541,6.6131,1
-6.5985,-8.9241,1
-8.6624,-7.3853,1
1.2457,8.2278,1
-11.127,6.9072,1
-3.4443,6.5328,1
-11.008,6.5085,1
-8.1977,-7.7113,1
9.4844,1.7343,1
3.2871,7.9604,1
7.8982,-6.6919,1
-11.265,6.1017,1
9.3224,-2.4591,1
-4.582,-10.157,1
-5.8702,2.0948,1
1.4708,8.1685,1
-5.8655,1.8198,1
6.1344,6.8428,1
3.5101,7.6399,1
9.5192,-3.0228,1
-11.183,-3.6037,1
3.3718,-10.004,1
1.651,7.8996,1
9.0612,-4.5042,1
-8.713,-7.3423,1
9.5179,0.18102,1
4.495,7.1299,1
-12.036,-1.6571,1
1.6426,-10.429,1
-7.0672,-8.8432,1
-11.735,-2.3042,1
-10.654,-5.2297,1
-12.061,-1.6159,1
-11.206,6.2743,1
6.4243,-8.0087,1
0.63759,-10.759,1
-8.3527,-7.8645,1
-8.9181,9.8741,1
-12.312,1.6309,1
2.0681,7.9362,1
-12.478,2.4229,1
-12.039,-0.2259,1
-12.377,2.7881,1
-9.3393,10.05,1
-12.162,-1.574,1
1.2787,-10.469,1
-10.468,7.4247,1
-11.813,-2.3183,1
-10.767,-5.1453,1
-10.618,7.9766,1
4.2503,-9.4579,1
6.8756,5.92,1
-3.6698,-10.31,1
9.1797,3.0908,1
-11.606,-3.0227,1
-3.7671,6.4392,1
8.9264,3.4357,1
-4.7681,5.0942,1
1.2753,8.0691,1
-10.83,7.3729,1
3.3216,-9.7278,1
-3.1116,-10.686,1
-7.0372,-9.0525,1
-10.593,-4.8353,1
-6.029,2.738,1
7.2629,5.5622,1
-5.9684,1.5173,1
3.737,-9.7507,1
-2.3807,-10.681,1
-4.8188,-2.3,1
4.1341,-9.7577,1
-2.4645,-10.494,1
8.539,-5.0956,1
-5.0966,4.348,1
-5.2036,4.4966,1
-9.5866,8.8428,1
8.4456,3.7883,1
-3.3754,-10.302,1
-9.2289,-7.1305,1
1.8613,-10.216,1
1.436,8.1385,1
1.375,-10.785,1
-10.334,8.5828,1
-3.4967,-10.241,1
9.3851,-4.0552,1
6.4389,-8.2968,1
-1.175,-10.664,1
9.7669,-1.2161,1
-9.1539,9.5228,1
2.244,-10.392,1
8.1954,-5.8255,1
3.1625,-10.013,1
-10.228,-6.1265,1
3.9279,-9.8835,1
-2.0582,-4.5105,1
-6.1651,0.5795,1
-3.1981,6.6574,1
4.6319,-9.489,1
6.7663,-7.9199,1
-10.075,-5.9289,1
-5.028,4.6247,1
-12.279,-0.44958,1
-9.5372,9.3243,1
-1.7992,-10.897,1
-0.18996,-10.852,1
-12.305,0.80206,1
4.341,-9.4718,1
2.1763,-10.61,1
0.96289,-10.645,1
-5.1738,-9.8876,1
-2.9814,-10.662,1
-9.8054,-6.7261,1
-0.11119,7.8128,1
6.2374,-8.1994,1
-10.526,8.2357,1
-6.2517,2.4847,1
-10.966,-4.1195,1
1.2602,-10.777,1
-11.999,3.9579,1
-11.657,-3.3131,1
-10.128,-5.8431,1
3.7762,-9.6821,1
6.6095,-8.295,1
8.9615,3.3791,1
4.6712,7.5573,1
-3.4334,-10.485,1
-11.943,4.0821,1
6.346,-8.2253,1
-10.731,-4.8487,1
-12.171,4.0246,1
7.7907,4.6494,1
-9.6845,9.1459,1
6.994,-7.1709,1
5.1256,7.2639,1
-12.085,2.7353,1
0.55444,-10.79,1
-12.223,0.1957,1
-11.706,-2.4244,1
-12.027,3.273,1
0.33198,-10.838,1
-5.9329,1.831,1
-1.4807,-10.71,1
9.8244,-2.3367,1
-3.2462,6.7143,1
-12.144,-1.0367,1
7.6533,-6.6329,1
0.34093,-10.755,1
7.8687,4.6125,1
-5.5826,4.0577,1
5.3096,-8.6565,1
1.4901,-10.829,1
7.189,5.3182,1
8.0955,4.0744,1
-9.722,-6.3612,1
-9.1703,9.7227,1
1.8324,7.9817,1
8.9636,-4.2745,1
-11.203,7.0432,1
9.6423,0.77334,1
-5.9578,2.0342,1
6.9141,5.687,1
8.7302,3.2584,1
9.6842,-0.34475,1
-9.4083,-6.8125,1
-4.8156,-9.8454,1
-9.9941,8.5148,1
-9.4176,-6.6905,1
-6.0089,1.1678,1
5.5324,-8.5643,1
7.6537,-6.4346,1
-12.436,0.035489,1
-5.8638,-0.20785,1
-2.3657,-10.774,1
7.1742,5.4074,1
-2.8375,6.7731,1
-5.8078,-9.5773,1
5.3734,-8.6152,1
-6.1114,2.5527,1
-3.2103,-10.711,1
7.5567,-6.7004,1
-5.9383,3.0488,1
-9.7012,9.0324,1
5.4115,7.1658,1
-12.471,2.1591,1
-11.117,6.4222,1
5.1152,-8.9164,1
8.1627,-6.209,1
-7.8771,-8.0669,1
9.2241,-3.396,1
-11.275,6.8252,1
-0.25415,-11.008,1
3.901,-9.5682,1
9.4902,-0.79082,1
2.7418,8.0719,1
-5.274,4.498,1
-3.1294,-10.486,1
-0.56874,-10.843,1
-5.1189,5.0508,1
-10.626,-4.6289,1
-11.004,-4.8754,1
-11.872,-2.279,1
-12.48,1.4715,1
7.9718,4.1394,1
2.2201,-10.335,1
-12.227,3.2646,1
9.1089,-4.3208,1
-9.531,-6.4394,1
-4.7725,-10.022,1
5.2575,7.141,1
8.9192,2.7347,1
-11.389,-2.7714,1
-12.141,2.4451,1
-3.4788,-10.441,1
-5.4082,-9.8334,1
8.5821,3.5632,1
-9.4824,-6.9622,1
-11.701,5.2667,1
-12.303,-0.81185,1
-10.049,8.588,1
-2.7646,-10.612,1
9.6268,-1.2296,1
9.6231,-2.741,1
-11.724,4.5223,1
-11.054,6.4187,1
-1.7261,-10.864,1
-12.075,3.5725,1
4.6334,-9.278,1
-10.135,8.7232,1
-11.897,-1.4866,1
4.7593,-9.4139,1
-11.815,-3.2271,1
3.7356,7.8272,1
-6.5955,-5.0637,2
3.0162,10.938,2
-1.398,-7.4327,2
-8.745,-1.9755,2
12.156,-4.3472,2
5.5548,10.427,2
1.0408,11.259,2
10.125,6.9165,2
12.604,-1.8416,2
9.3092,7.8199,2
12.449,3.1939,2
-6.4668,-5.1708,2
11.504,-5.993,2
11.353,-6.7843,2
3.5638,4.8027,2
12.868,0.55908,2
0.89104,-7.4413,2
-8.8974,-0.76842,2
-6.1372,-5.3629,2
4.8629,-5.1684,2
10.856,6.1023,2
12.594,-0.15529,2
9.4178,8.0474,2
1.0287,11.233,2
-9.3494,1.3063,2
-3.3236,10.527,2
9.5901,-9.0827,2
0.072247,-7.5491,2
11.423,5.1721,2
11.21,-6.7939,2
1.4338,-7.4651,2
8.0597,9.1159,2
3.2742,11.206,2
-4.6727,9.4844,2
-2.026,10.923,2
10.453,6.9835,2
12.537,0.85262,2
12.526,-3.839,2
11.084,-7.4705,2
8.5966,8.6832,2
10.9,6.0016,2
-8.7506,-2.0494,2
-6.5736,7.5178,2
-5.398,8.6959,2
-6.3037,-5.4311,2
11.476,-6.1723,2
12.9,1.0608,2
6.9553,9.7232,2
-9.0954,-1.5667,2
10.25,6.6545,2
6.6159,0.7662,2
-8.8191,3.5901,2
-4.4137,9.9737,2
8.6686,8.6682,2
-6.8137,-5.1814,2
11.123,5.6188,2
12.472,-2.9626,2
12.006,-5.4658,2
12.473,1.469,2
-7.7326,6.5739,2
2.1248,-7.3356,2
3.357,11.263,2
-6.7069,7.7549,2
12.707,-3.4116,2
12.204,-5.2985,2
11.298,-7.152,2
-6.726,7.862,2
1.4423,-7.1191,2
-1.8503,11.036,2
10.585,-7.8498,2
-8.1712,-2.5544,2
-5.577,8.9666,2
10.618,-8.027,2
-4.1286,-6.8002,2
12.673,-0.87895,2
-9.2679,0.55515,2
0.3749,-7.3666,2
6.8461,-0.81162,2
10.743,-7.5372,2
-6.7174,-5.0034,2
11.864,4.2967,2
-8.2725,-3.1735,2
6.292,-3.175,2
11.497,5.2216,2
9.6474,-9.5452,2
8.299,8.7175,2
11.928,-5.3041,2
11.81,4.7272,2
-1.54,11.103,2
9.431,-9.5256,2
-8.0568,-3.0943,2
-7.4025,6.9451,2
12.692,2.1085,2
-5.6161,-5.7658,2
-8.7185,-2.3738,2
11.339,-6.7037,2
12.638,1.3015,2
2.4434,-7.0099,2
11.868,-5.3823,2
4.8847,-5.1884,2
6.229,-2.9639,2
9.3875,-9.5023,2
9.0618,8.1895,2
9.7396,7.2945,2
-9.0312,0.91926,2
-0.017136,11.205,2
3.95,11.099,2
0.84511,11.292,2
7.493,9.3423,2
9.003,-10.049,2
-2.0924,10.621,2
8.9355,-9.7256,2
4.7415,3.7552,2
-8.9466,-1.6136,2
6.7611,10.097,2
0.86287,-7.4969,2
11.366,4.7186,2
5.1975,-4.6464,2
-9.3365,0.33607,2
9.5833,-9.4613,2
0.7528,-7.5349,2
-7.2315,-4.3384,2
10.39,6.9422,2
-7.25,-4.3453,2
12.157,3.2107,2
-3.2666,-7.0187,2
6.81,-0.20096,2
3.0563,11.07,2
-7.7687,-3.685,2
-3.6318,-7.3297,2
6.7955,9.6597,2
-8.9636,2.8775,2
5.0604,3.1366,2
11.333,5.0601,2
2.1431,11.06,2
3.8525,10.773,2
6.0746,10.232,2
12.548,-2.1394,2
5.5541,3.0535,2
-7.1728,7.4564,2
-8.8969,2.9755,2
-8.1212,-3.271,2
4.1308,-5.9175,2
6.724,0.036225,2
-7.5737,-4.3101,2
12.577,0.44504,2
5.0298,10.774,2
6.5679,0.9881,2
5.5931,10.481,2
12.039,3.9033,2
4.551,-5.2496,2
11.46,4.7468,2
5.3344,10.435,2
6.0763,10.12,2
2.3176,11.126,2
11.801,4.5617,2
6.1261,1.8949,2
8.7001,8.499,2
10.821,5.9923,2
-4.4449,9.6681,2
4.0601,-5.7998,2
-3.4953,-7.1016,2
12.699,-3.6359,2
4.4703,10.604,2
-8.5913,-2.3303,2
9.499,7.4917,2
-7.9154,6.336,2
6.3795,-1.8131,2
6.1443,-3.4791,2
12.193,-4.3248,2
-1.3216,11.152,2
-2.0256,10.625,2
-1.397,11.153,2
11.065,-7.4243,2
1.3788,-7.1898,2
8.9205,-9.9702,2
6.2711,10.145,2
-7.2355,6.8571,2
10.706,5.947,2
12.131,-4.7524,2
12.884,-0.52943,2
6.5026,-0.80339,2
5.2076,-5.0987,2
9.1077,-10.097,2
4.7578,10.77,2
12.427,-4.0249,2
12.568,-1.7639,2
11.984,3.2925,2
4.7281,10.765,2
7.8494,8.9366,2
3.5845,-6.2707,2
-4.8196,-6.4008,2
-8.5229,5.063,2
5.3287,10.625,2
-8.9965,-1.0417,2
-6.4804,-5.3923,2
0.66108,-7.7491,2
0.29763,11.265,2
11.696,4.2486,2
5.4158,2.7445,2
0.71701,11.414,2
-5.572,8.6065,2
6.4441,-2.273,2
-6.6684,7.625,2
11.489,-6.6884,2
6.6939,9.8869,2
6.7298,10.007,2
12.998,0.0042708,2
-3.7809,-7.2664,2
-3.0351,10.465,2
-2.6008,10.46,2
6.5914,10.288,2
-2.7811,10.689,2
3.6022,-6.4501,2
13.049,-0.59628,2
-2.3951,10.825,2
2.3514,11.055,2
-3.3232,10.025,2
12.64,2.3833,2
3.9042,10.708,2
11.151,-7.639,2
-8.423,-2.7321,2
11.133,-7.0993,2
10.157,-8.4188,2
6.5664,0.53647,2
12.759,-2.8833,2
-0.56602,-7.8111,2
9.9439,-9.0961,2
5.7375,-4.2173,2
-7.2405,6.8058,2
-0.96712,11.075,2
12.651,2.1352,2
2.4446,11.396,2
-6.097,-5.6105,2
0.37362,-7.4534,2
6.3634,9.8576,2
8.8058,8.2316,2
-8.7876,3.5998,2
12.797,1.9803,2
10.089,7.0657,2
9.2498,-9.3644,2
6.6688,9.9114,2
5.9875,1.6992,2
4.6688,-5.4796,2
4.8256,-5.1667,2
11.301,-6.4825,2
12.342,-4.5696,2
9.6434,-9.1848,2
12.044,3.1911,2
12.091,-5.6661,2
-0.50841,11.048,2
10.217,6.6419,2
10.751,-7.3012,2
12.883,1.498,2
4.076,-5.8728,2
11.799,-5.6321,2
-6.0481,8.5316,2
12.195,2.3099,2
-0.76837,-7.4188,2
12.322,3.2444,2
-7.137,-4.629,2
9.9243,7.2048,2
8.5418,8.841,2
5.5672,10.678,2
11.307,-7.2209,2
4.5318,-5.3301,2
11.453,4.8247,2
8.992,-9.909,2
-7.2893,-4.6311,2
10.347,6.714,2
4.0126,10.92,2
3.5044,10.872,2
-0.43254,11.341,2
6.2282,0.76485,2
10.448,-7.9632,2
13.047,-1.3734,2
4.1899,-5.6791,2
12.254,-4.3243,2
-6.3584,-5.5218,2
-7.9617,5.8056,2
12.393,2.9562,2
-8.2293,-3.2947,2
11.099,-6.7556,2
-9.101,-0.02089,2
-5.8777,8.3223,2
-7.9429,5.9769,2
2.1465,-7.2777,2
4.5392,-5.3849,2
-5.7905,-6.1467,2
12.893,-1.9797,2
5.6501,-4.2964,2
12.459,-3.3014,2
-0.56596,10.951,2
12.026,-4.9335,2
8.0422,8.8442,2
12.892,-1.2939,2
4.5089,10.772,2
1.7514,11.087,2
5.0404,-4.8037,2
6.2301,-2.3527,2
-8.6349,-2.2159,2
12.536,1.3855,2
9.1718,8.1388,2
4.0649,10.859,2
9.2606,-9.664,2
12.874,-1.4355,2
10.832,5.7546,2
-8.9213,4.2579,2
6.2019,-3.1734,2
6.1825,-2.8048,2
-8.6488,4.1873,2
11.366,4.9853,2
-5.4742,9.2982,2
12.499,2.8824,2
3.8684,10.788,2
-0.29796,11.176,2
-6.8854,7.0742,2
2.6249,11.294,2
12.63,-3.1201,2
6.2147,10.066,2
-6.8056,7.6218,2
2.4211,11.253,2
10.92,5.7205,2
6.0892,-3.8445,2
8.7823,8.4592,2
5.5195,-3.8864,2
-3.184,10.058,2
-9.4675,1.209,2
6.9291,9.5747,2
12.614,-0.34686,2
12.54,-4.1699,2
13.082,-0.2852,2
-4.1986,9.6149,2
5.2374,10.446,2
-7.472,6.7097,2
6.6445,-0.58753,2
-9.3694,0.02528,2
-0.22441,-7.6203,2
-9.1434,-0.68634,2
4.8325,3.4766,2
12.865,-1.9421,2
13.038,-0.62694,2
1.1205,-7.249,2
2.3329,11.088,2
11.713,-6.2945,2
-8.8791,4.2416,2
12.363,-3.716,2
-2.228,-7.4976,2
-9.0707,3.9168,2
-7.371,-4.1453,2
-9.1902,-0.16581,2
8.6138,8.529,2
9.62,-8.8435,2
-7.9545,-3.9767,2
10.799,-7.6084,2
12.131,-4.5507,2
-3.0774,-7.3061,2
-7.946,-3.6246,2
11.711,4.9709,2
12.262,3.6191,2
6.7626,9.8404,2
-1.759,11.034,2
2.8124,10.992,2
5.5599,2.4714,2
-5.5728,8.8717,2
9.8016,7.6169,2
11.707,4.5904,2
9.2687,8.1162,2
12.642,-0.29762,2
9.7594,7.7357,2
6.4291,1.1301,2
6.3639,-0.40615,2
10.841,-7.1389,2
13.102,-0.71422,2
-0.20935,11.101,2
12.285,-3.9625,2
6.3085,-2.7518,2
0.9804,11.176,2
10.523,6.3244,2
10.996,5.6801,2
12.247,2.8531,2
-6.7396,-5.2632,2
6.3659,-2.4491,2
-5.777,8.5726,2
-8.3682,-2.248,2
-1.6803,11.033,2
-6.0082,-5.6854,2
-9.0843,-0.13143,2
10.577,-8.0821,2
12.634,-2.3792,2
-2.8555,10.488,2
10.995,5.628,2
-8.5813,4.5285,2
-8.9112,2.757,2
-5.7015,-6.1341,2
9.0455,-10.055,2
-2.8108,10.343,2
10.633,-7.4352,2
6.0281,10.367,2
12.752,0.10927,2
-6.0432,8.6081,2
1.834,-7.0474,2
-9.1809,-0.044005,2
9.2066,8.471,2
-6.9312,-5.217,2
11.044,5.5384,2
12.424,-3.8573,2
9.0038,8.2868,2
-7.7051,-3.7834,2
-8.8619,2.8171,2
11.67,4.6221,2
10.262,-8.0385,2
-9.2368,-0.49403,2
0.82241,11.127,2
12.844,-2.4376,2
-8.2213,6.215,2
5.5422,-4.4055,2
12.665,2.6639,2
2.8573,11.352,2
12.449,-4.2047,2
5.2019,10.367,2
-8.743,4.0475,2
5.3799,2.7009,2
-4.6542,9.6347,2
0.61999,11.497,2
-2.6401,10.636,2
12.347,2.4212,2
-5.8046,8.603,2
10.236,6.6856,2
10.68,-7.4104,2
12.145,3.1656,2
2.8497,11.117,2
-3.6348,10.063,2
-5.039,9.3489,2
6.3317,-3.2219,2
6.5913,-1.0688,2
12.554,1.7521,2
-9.1072,3.5488,2
-8.8435,4.6274,2
12.141,3.4682,2
-8.975,0.20407,2
0.30084,11.153,2
-3.3943,10.309,2
8.3407,8.8588,2
5.9887,-3.9356,2
6.0118,-3.3579,2
6.1766,-2.7391,2
-3.7633,10.1,2
3.1649,-6.3818,2
10.372,6.7094,2
11.081,-7.6958,2
3.9555,4.0528,2
11.767,-6.037,2
11.18,5.4465,2
12.394,-4.2006,2
8.7134,8.5466,2
10.898,-7.362,2
-7.4593,6.4297,2
5.5049,2.8669,2
-9.0474,2.2695,2
5.96,-2.9162,2
-5.7205,-5.998,2
-6.4852,8.1553,2
10.548,-7.788,2
6.1115,-2.9312,2
12.31,2.1871,2
5.382,-4.8437,2
-2.0254,10.785,2
-7.6773,-3.8791,2
6.2186,-2.4565,2
-8.9292,3.059,2
-2.0165,10.886,2
5.0948,10.307,2
5.1822,3.15,2
2.7911,-6.8338,2
-9.1659,0.38201,2
-2.721,10.405,2
-5.3337,-6.3366,2
11.397,-7.0443,2
-3.7301,9.8648,2
12.819,-1.216,2
0.91007,-7.4577,2
12.933,0.68401,2
1.6707,11.03,2
11.176,5.0656,2
5.098,10.387,2
3.2043,11.102,2
11.299,-6.9963,2
12.712,1.1204,2
11.282,-6.4665,2
6.0849,1.0944,2
2.5842,-7.1299,2
12.675,0.27587,2
5.5039,-4.2459,2
12.66,-2.3216,2
-1.6814,10.972,2
5.0632,10.742,2
4.0118,-6.0366,2
11.333,5.6881,2
12.017,3.8233,2
-6.1617,-5.357,2
12.654,-1.2499,2
-5.1829,-6.2527,2
-5.2991,8.766,2
12.964,-2.3738,2
7.8962,8.9204,2
11.124,-7.1001,2
-1.3659,11.205,2
8.9956,-9.8903,2
12.786,-1.5308,2
-8.11,5.983,2
8.1852,8.9744,2
7.7926,9.1354,2
8.6107,8.2396,2
1.7843,11.157,2
-7.4871,6.9899,2
-4.0289,9.8337,2
12.637,0.76821,2
6.3761,1.7441,2
8.8274,-9.7507,2
9.6016,-9.101,2
-8.7346,3.478,2
4.2013,-5.8737,2
-9.2202,2.0404,2
7.3538,9.365,2
-9.1418,3.1658,2
7.5733,9.297,2
8.0792,9.014,2
-8.2385,-2.9605,2
4.0722,11.092,2
-2.857,10.192,2
11.705,-6.0737,2
6.1227,1.3274,2
10.894,5.8128,2
12.731,0.68092,2
-9.2252,3.0545,2
11.352,-6.334,2
-8.5237,4.7272,2
4.9227,-5.4697,2
6.3796,-0.6574,2
4.9302,10.422,2
-6.7303,8.0511,2
-5.6062,-6.1344,2
-8.9342,-1.8424,2
-5.1467,9.211,2
-7.3632,6.9085,2
12.951,-1.6565,2
9.3452,-9.6097,2
6.3002,9.8131,2
8.8355,8.4253,2
4.1182,-5.9149,2
12.735,0.24258,2
12.592,-2.3688,2
5.4538,2.7177,2
2.6722,-6.6287,2
-0.26951,11.132,2
-8.087,5.4157,2
12.058,4.1029,2
-8.1571,5.625,2
-2.7232,-7.2967,2
11.68,-6.478,2
10.2,6.8015,2
-8.2839,-3.3774,2
2.3312,11.077,2
-0.1269,11.248,2
-7.651,6.7784,2
12.593,-1.7192,2
9.3728,8.1525,2
-5.553,9.1909,2
11.305,5.3714,2
12.649,2.0531,2
-2.5338,-7.3089,2
5.6245,10.506,2
-9.0549,-1.0759,2
3.9532,10.897,2
10.414,-8.4188,2
12.643,-1.2244,2
4.8096,10.505,2
-7.32,-4.3623,2
-2.3901,-7.5026,2
12.125,4.1436,2
-2.6863,10.601,2
3.0295,11.126,2
-7.0959,-5.0759,2
5.6802,10.622,2
3.6035,-6.7197,2
5.5639,-4.4934,2
6.0667,-2.7189,2
-6.7343,7.6658,2
-9.4562,1.7862,2
6.9915,9.7665,2
-8.4239,4.9911,2
9.5252,8.0735,2
-6.6153,7.8016,2
-1.7185,10.758,2
12.635,-3.8073,2
1.1409,11.042,2
-4.6413,-6.7857,2
7.7555,9.1092,2
-8.8511,4.6094,2
12.543,-2.337,2
12.703,-1.7367,2
0.34009,-7.4712,2
-1.9867,-7.7287,2
-4.9659,9.3905,2
8.0763,8.955,2
12.856,-2.2539,2
-8.3181,5.8922,2
-8.3715,5.5664,2
6.7941,-1.0105,2
6.5176,-0.69438,2
9.4131,7.728,2
10.133,-8.5815,2
12.649,-0.44866,2
3.7375,-6.4828,2
-8.1889,5.0656,2
-6.8486,-4.5997,2
8.9562,7.891,2
10.299,-8.7655,2
7.8564,9.1901,2
12.92,0.31886,2
10.719,-7.9952,2
0.41792,-7.5173,2
-5.5283,8.7771,2
-0.48741,10.894,2
11.504,-6.4475,2
0.90243,11.157,2
2.3012,11.182,2
11.341,5.4041,2
4.7791,10.481,2
11,5.8263,2
2.7711,11.396,2
12.926,0.12953,2
-8.6225,-1.6813,2
1.5074,-7.3818,2
-4.2427,-6.723,2
4.2291,10.685,2
11.607,-6.7413,2
5.0932,-5.2008,2
-4.3472,-7.0099,2
-7.1685,7.4113,2
-8.8172,3.5557,2
9.5528,-9.4508,2
-5.1389,-6.679,2
12.744,0.17161,2
12.777,1.7013,2
3.4143,11.286,2
-0.70375,11.041,2
12.015,3.9818,2
6.0982,1.1771,2
-6.185,8.4261,2
-5.0024,9.1775,2
4.4121,-5.846,2
-8.7687,4.722,2
6.1621,-3.0897,2
-0.20226,11.219,2
-2.688,10.612,2
11.913,-5.8079,2
-8.9726,4.0325,2
-5.2685,9.1827,2
-4.5972,9.5052,2
-6.4712,7.7332,2
12.294,3.4258,2
9.8029,7.5671,2
3.0783,-6.9405,2
12.567,-4.0446,2
-8.8755,3.4781,2
9.9601,-8.8241,2
12.571,-2.2615,2
4.9497,10.825,2
-0.40514,-7.5031,2
-8.9851,2.9071,2
12.856,-2.2926,2
12.689,1.8056,2
-0.18479,11.039,2
5.9023,-3.0741,2
-3.6661,-7.1952,2
10.678,-7.6374,2
-9.0062,1.3395,2
6.664,-1.4588,2
-7.6751,-3.8642,2
8.8692,7.9606,2
12.383,-4.8427,2
-1.1058,-7.8552,2
6.7009,-1.5675,2
6.152,10.298,2
12.812,1.6175,2
2.9473,10.972,2
12.684,-3.557,2
-8.1486,-3.4955,2
-8.8902,2.8595,2
-7.1417,7.3723,2
3.3863,-6.5926,2
-7.2529,6.9414,2
-6.3101,7.7785,2
6.3457,-2.5259,2
-9.394,2.5523,2
-3.5182,9.8931,2
7.8795,9.2257,2
-8.2935,4.8327,2
5.5209,2.6838,2
-6.4101,-5.2166,2
-8.8873,-0.96989,2
-8.8517,3.4997,2
-0.2069,11.393,2
-0.1895,10.989,2
-5.9357,8.3495,2
12.631,1.5688,2
1.3997,-7.1466,2
-0.37544,-7.8765,2
4.4426,10.657,2
11.964,4.3149,2
12.737,-2.3952,2
10.285,-8.4115,2
4.3818,3.9388,2
4.1651,10.785,2
-4.2932,9.4932,2
-8.135,5.753,2
12.908,-1.4081,2
-2.4001,10.914,2
-3.2399,10.322,2
10.084,-8.6443,2
13.035,-0.046562,2
5.4081,-4.1097,2
7.1083,9.8466,2
10.279,-8.2806,2
-7.3688,7.3366,2
-0.94229,10.879,2
1.8557,-7.4099,2
3.3631,11.305,2
-1.4423,-7.669,2
10.114,-9.0101,2
-1.0036,11.246,2
-1.2171,11.182,2
13.04,0.28989,2
6.4861,-2.6329,2
-9.1858,-0.35263,2
4.5024,-5.5003,2
0.46015,11.326,2
12.146,2.7455,2
-8.1192,5.6222,2
-0.28143,-7.6217,2
12.38,2.601,2
7.7126,9.2982,2
-8.5452,-2.2694,2
-7.897,-3.8073,2
9.3864,7.6705,2
12.547,-2.785,2
-6.401,8.0657,2
6.1622,1.7476,2
-4.7449,9.5064,2
7.519,9.3468,2
9.8942,-9.1663,2
12.769,1.4022,2
-7.463,6.8669,2
-8.8441,3.3509,2
-8.9441,3.4278,2
-8.8865,-0.66426,2
-9.207,2.1354,2
6.698,-0.42363,2
-9.2264,2.9537,2
10.557,6.4362,2
1.8392,11.286,2
-0.094051,-7.8661,2
12.195,3.6554,2
-7.4548,6.4157,2
5.5544,10.578,2
12.277,2.3454,2
12.841,1.3664,2
8.3148,8.5755,2
-7.91,-3.3392,2
12.121,2.9563,2
-8.7859,3.5313,2
11.252,5.5539,2
-9.0434,3.766,2
-8.9792,-0.67233,2
-1.464,10.965,2
12.355,-3.5866,2
1.8844,11.133,2
10.765,-7.8828,2
-6.6686,7.5977,2
6.6803,9.6898,2
12.566,0.55023,2
12.59,-2.6749,2
-8.7069,4.9542,2
11.518,5.369,2
-2.0872,10.707,2
11.418,-6.4654,2
1.8229,-7.4012,2
8.949,-9.78,2
10.317,7.0485,2
12.402,1.5226,2
1.7532,11.488,2
-6.4715,7.9325,2
-4.2185,-7.1558,2
11.903,3.6331,2
6.7376,9.8173,2
9.6098,7.2807,2
3.3947,-6.4518,2
10.238,6.5047,2
9.7426,7.2188,2
12.624,2.4277,2
5.5009,2.7455,2
-3.3611,-7.3322,2
12.179,2.6662,2
1.5821,-7.2703,2
12.134,-4.271,2
-7.7907,6.4441,2
10.577,6.5792,2
2.2562,11.397,2
-7.7573,-3.8832,2
-8.7785,-2.2648,2
5.484,-4.745,2
-4.551,9.4449,2
-8.317,-2.5172,2
12.797,-2.9889,2
6.3545,-2.192,2
11.078,-7.0192,2
1.872,11.386,2
-8.8275,-1.3529,2
-8.1665,-2.7982,2
3.9867,-6.0392,2
-6.4117,-5.0545,2
3.5261,-6.3706,2
11.534,-6.5654,2
12.41,-4.4602,2
-3.5596,10.17,2
-4.2027,10.086,2
12.674,0.21776,2
3.0595,11.07,2
-9.1657,1.4302,2
-6.9169,7.351,2
9.848,7.4226,2
12.646,0.10525,2
3.5422,10.846,2
10.351,6.5308,2
-9.1339,-0.15829,2
12.167,2.7874,2
-9.0569,1.9593,2
-6.2628,-5.536,2
-5.7399,9.1514,2
11.887,-6.1066,2
-7.7289,-4.0907,2
11.964,3.3239,2
6.0345,9.9667,2
-7.8611,5.8669,2
11.178,-6.9816,2
-4.2558,9.6027,2
11.403,-6.7206,2
-3.8755,-7.1048,2
-9.0309,-1.5324,2
-8.3544,4.8647,2
-8.9605,-1.5448,2
-1.6329,11.107,2
12.996,0.85006,2
-7.2199,7.4835,2
-0.2179,11.267,2
4.2345,10.881,2
12.628,1.5618,2
2.3172,11.05,2
-1.991,10.802,2
-0.071401,-7.7969,2
6.7364,9.8772,2
-9.3181,2.7852,2
3.5103,11.266,2
3.3056,-6.3869,2
-7.6927,-3.8599,2
1.8612,-7.0823,2
-8.7213,-2.14,2
-5.4186,-5.8584,2
12.325,2.9198,2
-8.6668,4.7113,2
-8.7257,4.7186,2
6.7237,9.9761,2
12.644,-0.66235,2
12.892,-2.5499,2
12.872,-2.4519,2
11.675,4.6313,2
7.2158,9.1923,2
-8.0304,5.5421,2
-7.6661,-4.3328,2
12.98,-0.10434,2
4.4306,-5.8746,2
9.3399,7.592,2
-1.8716,-7.4513,2
-6.5414,-5.6198,2
4.8345,-5.0885,2
12.68,0.50564,2
-8.9203,0.020625,2
-2.9414,10.549,2
10.643,6.5333,2
-5.3056,-6.3745,2
2.7947,11.295,2
10.699,-8.2718,2
12.302,-4.463,2
11.476,4.9447,2
7.6713,9.2681,2
13.014,-1.9409,2
-0.44064,11.094,2
12.236,-4.1499,2
-1.2224,-7.4936,2
-5.0667,-6.5408,2
12.642,-1.9243,2
-4.7228,9.2314,2
-7.6569,6.1103,2
-9.3897,0.49936,2
-0.041237,11.066,2
-8.9374,3.5508,2
-6.3471,-5.5276,2
0.11656,11.254,2
10.347,-8.3411,2
-5.8127,8.5878,2
-9.2156,-0.045453,2
10.472,6.5495,2
6.7872,-0.97221,2
10.653,6.3698,2
-9.1641,1.6525,2
6.0326,-3.3558,2
-6.3591,8.425,2
-9.3697,2.1304,2
5.1011,10.529,2
12.85,-1.6908,2
11.944,4.1893,2
-8.8251,3.8013,2
12.744,-1.9748,2
-6.4835,-5.0359,2
12.152,-5.4771,2
11.894,-5.7935,2
-5.7213,-6.369,2
-4.6276,9.69,2
-7.3743,-4.0619,2
12.597,1.1482,2
-8.7368,-1.1899,2
5.7404,-3.8373,2
5.61,-4.1202,2
7.4495,9.0838,2
12.067,-5.5998,2
-2.2509,-7.759,2
5.9916,-3.1823,2
-8.6453,4.151,2
12.913,0.31807,2
-0.73711,11.25,2
12.102,-5.6291,2
-4.511,9.5976,2
10.005,6.6715,2
7.7576,9.4743,2
12.245,-4.2753,2
11.851,-5.0808,2
-1.3323,11.056,2
5.7798,-3.9574,2
10.659,-8.0848,2
4.845,3.8508,2
10.539,-7.8123,2
-5.5229,-6.3135,2
9.2213,8.1873,2
12.777,-0.2527,2
12.15,2.9031,2
4.0557,11.157,2
-4.2253,-6.9586,2
2.7504,11.317,2
-9.2236,0.56631,2
12.089,3.5877,2
6.739,9.7724,2
13.003,-1.1537,2
-8.9389,2.4963,2
10.304,-8.2795,2
3.5873,11.016,2
2.2922,11.123,2
-1.473,10.824,2
7.7314,9.3725,2
-3.6017,10.148,2
7.6873,8.9567,2
12.441,-3.686,2
11.5,5.0522,2
12.826,-2.363,2
-3.4058,-7.3685,2
12.423,-4.0094,2
12.62,-0.1881,2
12.815,0.97602,2
10.677,6.2711,2
1.3275,11.399,2
12.443,1.6155,2
-3.0559,10.684,2
5.747,10.529,2
-7.8945,6.2308,2
-1.7383,11.077,2
13.029,-1.4362,2
-6.1292,8.3507,2
-9.1506,0.6928,2
6.3161,10.334,2
-7.9233,-3.7746,2
-0.0043213,11.075,2
12.839,1.078,2
-8.5152,4.322,2
12.509,1.634,2
8.3991,8.7919,2
7.7765,9.1765,2
2.5372,-6.9246,2
12.131,-5.0679,2
-8.4242,4.6305,2
-2.153,10.909,2
-7.6165,6.2946,2
-4.5098,9.3135,2
0.45556,11.278,2
10.59,-7.7964,2
0.90981,-7.4976,2
-0.55494,11.295,2
1.5781,11.155,2
-6.6307,7.7198,2
-1.2933,11.115,2
1.3085,11.276,2
12.572,2.8588,2
-7.5319,6.4988,2
10.556,-7.9814,2
10.425,6.72,2
11.75,-6.4,2
-0.33431,11.227,2
12.72,-1.2848,2
-9.0084,3.0849,2
-8.1656,-2.6859,2
-8.4742,4.7048,2
-8.167,-3.6662,2
11.687,4.3856,2
-4.8949,-6.2872,2
-9.2385,2.9519,2
-9.2125,2.1723,2
4.9107,-5.0505,2
9.5965,-9.3055,2
-8.5863,-2.3183,2
5.0715,10.711,2
9.8849,7.1377,2
-4.7945,9.1412,2
11.126,-7.2406,2
5.401,10.263,2
5.8115,10.085,2
6.3979,0.95399,2
4.576,4.0088,2
8.7058,-9.9691,2
12.823,-1.7699,2
3.0214,-6.8272,2
-9.3929,1.2278,2
12.83,1.2463,2
-6.5701,8.3513,2
-4.7444,9.1563,2
8.8,8.4905,2
1.785,11.392,2
-3.5397,10.083,2
11.14,-7.2016,2
-8.4744,4.7789,2
-5.061,-6.3459,2
-6.6328,-5.4509,2
11.909,-5.8365,2
12.559,-2.8792,2
11.033,-6.932,2
6.3909,-2.1149,2
2.839,-6.9141,2
11.26,5.3186,2
11.255,5.4595,2
12.169,3.7864,2
1.6614,-7.5,2
12.617,-1.9692,2
1.8384,11.403,2
9.7178,7.2274,2
1.9082,-7.1625,2
-7.8531,-3.6301,2
10.933,5.7252,2
8.6514,8.6655,2
-1.9525,-7.7904,2
6.635,-0.85387,2
-9.2221,1.5414,2
0.67931,11.344,2
-2.5661,-7.4882,2
-1.8953,10.626,2
5.8251,-4.4229,2
-7.5335,-3.8703,2
12.579,-3.6507,2
9.526,-9.2707,2
-8.97,2.6276,2
-3.3027,-7.2192,2
12.687,-1.8303,2
-7.6797,6.3956,2
-4.514,9.7137,2
-5.309,9.3128,2
-6.5309,8.0325,2
11.375,4.6675,2
4.0639,11.096,2
-8.1658,-3.1606,2
12.651,0.5073,2
-6.0234,-5.7605,2
6.2796,9.9246,2
-1.8621,11.003,2
4.2787,10.825,2
10.212,7.2909,2
9.0501,8.3419,2
-2.4082,10.565,2
12.317,3.5698,2
9.152,7.9829,2
12.867,1.5678,2
-1.9124,-7.5143,2
7.4756,9.2509,2
6.6187,-2.4488,2
-7.3114,7.2206,2
11.407,4.8021,2
12.713,1.0539,2
12.239,3.9375,2
10.082,-8.7839,2
-4.9402,9.5963,2
10.161,-8.4471,2
7.8467,9.0496,2
8.447,8.257,2
11.478,-6.7616,2
-9.0665,-0.62695,2
0.84507,-7.5619,2
6.1525,10.202,2
-3.8407,-7.1681,2
12.026,-5.2553,2
-5.5904,8.5936,2
10.07,6.5896,2
-6.2816,8.2858,2
3.7498,10.94,2
-1.2761,-7.7817,2
6.4074,-1.8393,2
1.8771,-7.0347,2
-6.0583,-5.9721,2
-9.0357,4.1726,2
-8.8046,-1.5798,2
12.204,3.1639,2
10.648,-8.2644,2
-8.07,5.6249,2
12.258,-3.8403,2
-3.216,10.072,2
4.8349,-5.2931,2
11.992,-5.8288,2
6.4113,-2.4824,2
2.5441,11.042,2
12.636,-0.01688,2
12.466,-2.6228,2
-4.4846,9.5386,2
11.832,3.5464,2
-6.9108,7.901,2
-6.1469,-5.6112,2
12.04,4.2956,2
-8.5615,4.2513,2
-5.8584,8.5828,2
12.452,2.7289,2
7.083,9.5096,2
9.2826,7.9851,2
6.3845,10.159,2
-6.394,-5.365,2
12.322,2.9529,2
9.027,-10.138,2
-2.5909,10.418,2
6.4773,-1.153,2
9.7729,-9.0147,2
-1.1846,11.188,2
12.833,0.72928,2
11.361,-6.3484,2
-8.0515,6.3812,2
7.6578,9.3372,2
6.1484,10.355,2
-7.9288,5.6278,2
9.3162,-9.869,2
10.485,6.8077,2
6.2593,0.82141,2
1.3056,-7.4167,2
13.041,-1.9075,2
12.674,-2.439,2
-4.0372,9.7781,2
3.5824,4.5239,2
8.9827,-10.103,2
-9.1496,3.4236,2
12.594,-2.1629,2
3.5305,11.025,2
-9.1257,2.3121,2
-6.9125,7.7465,2
-3.9736,9.996,2
-7.1876,-4.3952,2
9.4708,-9.3974,2
12.716,2.209,2
12.773,0.62958,2
11.511,4.5922,2
-9.2239,2.3307,2
-7.0561,6.9002,2
9.9786,7.1406,2
11.842,-5.9545,2
10.43,6.6542,2
13.006,-1.072,2
12.64,-0.69091,2
12.794,1.2957,2
2.8209,11.148,2
-7.8962,6.3568,2
6.4058,10.024,2
-8.3769,-2.7631,2
-7.8716,-3.4504,2
-8.7627,-1.3146,2
10.952,-7.9835,2
3.558,11.117,2
-8.8357,3.398,2
-7.1848,6.8508,2
9.7486,-9.0351,2
12.073,-4.5836,2
9.2391,8.1588,2
-1.4803,-7.4745,2
8.4947,8.7481,2
-2.9965,10.334,2
-9.0935,-1.2308,2
-1.2241,10.844,2
12.74,-1.8991,2
12.414,2.458,2
-7.5723,-4.0826,2
5.0838,10.746,2
10.51,6.5428,2
11.287,-6.6113,2
-9.184,3.1935,2
-3.2157,-7.1833,2
-6.3003,-5.1476,2
-6.4,7.9757,2
9.7239,7.5557,2
-9.339,0.672,2
7.9106,8.8655,2
3.943,-6.2478,2
-7.9424,-3.204,2
12.189,2.8571,2
12.766,0.20403,2
13.04,0.13171,2
-1.3679,10.992,2
0.25946,11.395,2
6.5415,-1.0829,2
-6.7936,7.3804,2
-1.5047,-7.5436,2
-8.8983,4.3507,2
6.7561,10.16,2
4.1413,-6.1868,2
6.1219,-2.8359,2
4.6658,3.8012,2
-1.9498,10.81,2
7.8602,8.9351,2
11.676,-6.208,2
9.3842,-9.9618,2
9.8241,-8.9841,2
9.645,7.2787,2
4.7537,10.883,2
6.99,9.5381,2
-2.5431,10.799,2
-2.9873,10.15,2
0.0024601,11.14,2
0.52015,-7.5805,2
-5.1173,9.3269,2
6.1636,10.303,2
3.2736,11.38,2
