0.04 3.2003
0.06 2.8211
0.07 2.3279
0.1 2.6418
0.12 2.3446
0.14 2.2762
0.15 2.3241
0.21 1.6006
0.23 1.541
0.26 1.4331
0.29 1.0503
0.33 0.85087
0.36 0.25191
0.37 0.28694
0.39 -0.090936
0.4 -0.56887
0.41 -0.28371
0.44 -0.24719
0.45 -0.26726
0.48 -0.39973
0.5 -0.68104
0.52 -0.52429
0.53 -0.89091
0.54 -0.63337
0.56 -0.96107
0.62 -1.1512
0.64 -1.2522
0.67 -1.1648
0.7 -1.1663
0.71 -1.2205
0.74 -1.1304
0.75 -1.5183
0.79 -1.4687
0.8 -1.5155
0.83 -1.4023
0.88 -1.4172
0.93 -1.2855
0.95 -1.1035
0.97 -1.1373
0.99 -1.3496
1.01 -1.0676
1.02 -1.0422
1.04 -1.2719
1.1 -1.3396
1.14 -0.87884
1.18 -0.56462
1.19 -0.49096
1.2 -0.71161
1.22 -0.38723
1.23 -0.24239
1.24 -0.21546
1.28 -0.26069
1.3 -0.48424
1.31 -0.19181
1.32 -0.32051
1.33 -0.027928
1.34 0.063883
1.38 0.005613
1.39 0.087882
1.4 0.1917
1.41 0.099796
1.42 0.39057
1.45 0.48706
1.48 0.58931
1.49 0.82571
1.53 0.831
1.57 1.2132
1.58 0.94058
1.59 1.0792
1.63 1.2277
1.64 1.1708
1.67 1.3373
1.68 1.84
1.69 1.8216
1.76 2.0462
1.82 1.9031
1.84 2.1363
1.86 2.1494
1.87 2.31
1.88 2.2829
1.9 2.2756
1.94 2.4853
1.95 2.5452
1.97 2.7125
1.99 2.5392
2.03 2.5089
2.08 2.7436
2.1 2.5283
2.13 2.7795
2.14 3.1442
2.15 3.1339
2.16 2.886
2.18 3.0794
2.22 2.737
2.24 3.074
2.28 3.0949
2.3 2.9028
2.34 2.9285
2.35 2.8699
2.48 2.8164
2.49 2.6843
2.54 2.5728
2.55 2.0395
2.58 2.173
2.6 2.0689
2.63 1.5519
2.66 1.4118
2.67 1.5488
2.72 1.06
2.73 0.80949
2.74 0.56882
2.75 0.81508
2.76 0.6101
2.77 0.26914
2.85 -0.35056
2.87 -0.83037
2.89 -0.80735
2.96 -1.2713
2.98 -1.9462
3.03 -2.3305
3.05 -2.1267
3.06 -2.4573
3.07 -2.5509
3.08 -2.5646
3.09 -2.3134
3.11 -2.9603
3.12 -2.7898
3.18 -3.315
3.2 -3.0505
3.23 -3.1379
3.24 -3.2255
3.29 -3.2361
3.31 -3.1152
3.32 -2.9543
3.33 -2.9383
3.36 -2.9925
3.4 -2.6817
3.41 -2.4329
3.42 -2.5829
3.44 -2.4776
3.48 -1.9736
3.56 -1.2291
3.58 -0.81074
3.59 -0.94161
3.64 -0.094389
3.65 -0.22474
3.72 0.70389
3.73 0.72013
3.74 0.56277
3.76 0.60239
3.77 0.88784
3.8 0.90215
3.82 1.2685
3.83 0.97333
3.95 1.3912
3.98 1.5151
3.99 1.5606
4 1.5275
4.03 1.2871
4.06 0.94234
4.07 1.0243
4.08 1.038
4.1 0.6903
4.11 0.50291
4.12 0.79542
4.13 0.83671
4.15 0.21669
4.17 0.38906
4.2 0.17665
4.23 0.031032
4.25 -0.32502
4.27 -0.34631
4.29 -0.4087
4.3 -0.67458
4.31 -0.84709
4.32 -0.81221
4.33 -0.72243
4.36 -0.9521
4.4 -1.4705
4.42 -1.3026
4.45 -1.3798
4.46 -1.1588
4.47 -1.5649
4.48 -1.3695
4.51 -1.2572
4.57 -1.3505
4.64 -1.4343
4.65 -1.2427
4.66 -1.3466
4.67 -1.0018
4.78 -0.94948
4.81 -0.6538
4.82 -0.54406
4.86 -0.42841
4.88 -0.62883
4.9 -0.45902
4.91 -0.30408
4.92 -0.61431
4.94 -0.70798
4.98 -0.60212
