-0.999 -0.77 1.6967
-0.999 -0.501 2.5432
-0.997 -0.786 1.7237
-0.995 0.121 1.5193
-0.993 -0.461 2.5066
-0.987 -0.023 2.0023
-0.985 0.423 -0.1096
-0.984 0.541 -1.0434
-0.983 -0.019 1.7789
-0.981 0.637 -2.2744
-0.979 -0.175 2.0402
-0.979 0.426 -0.12361
-0.979 0.737 -2.4728
-0.977 0.249 0.84368
-0.977 0.883 -3.892
-0.976 0.76 -2.1618
-0.976 0.783 -3.1544
-0.973 -0.727 1.8323
-0.972 -0.082 1.8267
-0.969 -0.372 2.381
-0.967 -0.174 1.8522
-0.962 0.745 -2.6593
-0.96 0.03 1.4276
-0.959 -0.008 1.4258
-0.958 0.15 0.94726
-0.958 0.947 -5.1335
-0.957 -0.866 0.91926
-0.953 0.805 -3.8787
-0.952 0.154 0.92188
-0.946 0.604 -1.6674
-0.945 -0.34 1.9636
-0.945 0.396 -0.45234
-0.942 0.427 -0.88739
-0.941 -0.087 1.6236
-0.938 0.257 0.22055
-0.938 0.979 -5.8552
-0.935 0.046 1.2162
-0.934 0.635 -2.0533
-0.933 0.759 -3.0321
-0.931 -0.996 -0.64189
-0.93 -0.952 0.17848
-0.93 -0.859 0.7974
-0.928 -0.343 1.2969
-0.925 -0.614 1.2694
-0.925 0.908 -4.936
-0.921 -0.912 0.70873
-0.92 -0.231 1.4837
-0.92 0.332 -0.35803
-0.918 0.322 -0.20969
-0.916 0.467 -1.053
-0.914 -0.849 1.0448
-0.914 0.917 -4.6346
-0.911 0.098 0.50672
-0.908 -0.66 0.48916
-0.907 0.44 -1.1119
-0.907 0.692 -2.9872
-0.906 -0.983 0.019159
-0.906 -0.748 1.0647
-0.906 -0.042 0.94675
-0.903 -0.597 1.1977
-0.903 0.807 -3.6662
-0.901 -0.824 0.23516
-0.898 0.032 0.84775
-0.898 0.366 -0.77583
-0.896 -0.538 1.2219
-0.894 -0.471 1.3984
-0.894 0.899 -4.8551
-0.894 0.912 -4.593
-0.887 0.543 -1.8122
-0.884 -0.117 0.97483
-0.879 -0.459 0.68288
-0.878 0.568 -2.4438
-0.877 -0.688 0.2895
-0.877 0.932 -5.4201
-0.869 -0.629 0.89982
-0.868 0.068 0.36569
-0.865 -0.379 1.0236
-0.863 -0.237 1.0012
-0.863 0.176 -0.029274
-0.862 0.187 -0.0060119
-0.862 0.397 -1.0419
-0.861 -0.977 -0.60696
-0.859 -0.921 -0.53864
-0.859 0.735 -3.9779
-0.856 -0.588 0.38052
-0.856 0.145 0.15392
-0.855 -0.926 -0.80828
-0.846 -0.906 0.022
-0.845 -0.583 0.40291
-0.845 0.518 -2.0925
-0.842 0.841 -4.8128
-0.842 0.967 -6.1401
-0.838 0.782 -4.7242
-0.836 -0.746 -0.21624
-0.836 0.685 -3.6616
-0.835 0 0.38014
-0.834 -0.938 -1.1306
-0.834 -0.16 0.82497
-0.831 0.505 -1.9262
-0.829 0.644 -3.7437
-0.829 0.969 -5.7323
-0.827 -0.571 0.15874
-0.827 0.342 -1.0567
-0.826 0.055 0.067937
-0.825 -0.262 0.57684
-0.824 0.13 -0.086117
-0.821 -0.132 0.66716
-0.82 -0.903 -1.333
-0.82 0.073 0.14736
-0.815 0.167 -0.3567
-0.814 0.834 -5.1304
-0.812 -0.481 0.25945
-0.812 -0.451 0.42678
-0.809 -0.722 -0.14781
-0.803 -0.125 0.22048
-0.8 0.669 -3.3155
-0.798 0.197 -0.64119
-0.798 0.519 -2.4793
-0.798 0.534 -2.2629
-0.796 -0.636 0.16253
-0.796 0.247 -0.8633
-0.793 -0.311 0.29129
-0.786 0.437 -1.8329
-0.785 0.885 -4.6178
-0.784 0.639 -3.1263
-0.782 -0.954 -1.0712
-0.781 -0.335 0.33524
-0.779 0.014 -0.1345
-0.777 0.797 -4.5118
-0.776 0.369 -1.5614
-0.774 0.322 -1.1252
-0.774 0.358 -1.3787
-0.771 -0.155 -0.061671
-0.771 0.433 -1.991
-0.771 0.438 -1.8494
-0.769 0.963 -4.9495
-0.767 0.347 -1.5326
-0.765 -0.222 0.1947
-0.764 0.35 -1.3252
-0.763 -0.244 0.016572
-0.763 -0.223 0.18798
-0.763 -0.057 -0.061994
-0.757 0.97 -6.1193
-0.755 -0.309 0.10531
-0.751 -0.971 -1.8484
-0.75 -0.111 -0.058212
-0.747 -0.514 -0.11313
-0.747 -0.044 -0.26708
-0.747 0.89 -4.8925
-0.745 -0.91 -1.1294
-0.74 0.257 -1.1892
-0.734 -0.573 -0.34918
-0.729 -0.689 -0.93362
-0.727 -0.289 -0.21728
-0.727 0.195 -0.84623
-0.727 0.386 -1.8427
-0.726 -0.551 -0.27257
-0.726 -0.502 -0.36153
-0.724 0.606 -2.9665
-0.721 -0.085 -0.15304
-0.721 0.095 -0.67612
-0.717 0.083 -0.81108
-0.716 -0.155 -0.20249
-0.716 0.156 -0.85346
-0.714 0.241 -1.0928
-0.714 0.821 -4.9442
-0.708 0.37 -1.8851
-0.708 0.442 -2.2676
-0.703 -0.769 -1.4745
-0.702 0.846 -5.1624
-0.699 -0.639 -0.68832
-0.695 -0.846 -1.7518
-0.693 0.484 -2.2491
-0.692 0.968 -7.7994
-0.69 0.583 -3.2942
-0.688 0.911 -4.8439
-0.684 0.758 -3.8375
-0.682 -0.677 -1.7732
-0.682 0.382 -1.9955
-0.681 -0.956 -1.6772
-0.68 0.942 -6.3218
-0.679 -0.288 -0.037411
-0.678 0.539 -2.8925
-0.675 -0.295 -0.71681
-0.675 0.965 -6.0903
-0.674 -0.171 -0.29571
-0.672 -0.8 -1.6217
-0.67 0.099 -0.85745
-0.669 -0.418 -0.4182
-0.666 0.113 -1.0294
-0.665 -0.11 -0.5715
-0.664 0.045 -0.83566
-0.664 0.962 -6.9193
-0.663 0.77 -4.8337
-0.662 0.657 -3.732
-0.661 -0.227 -0.48475
-0.661 0.457 -2.5617
-0.661 0.5 -2.8472
-0.656 0.602 -3.4812
-0.651 0.793 -4.7036
-0.649 -0.917 -2.3945
-0.647 0.749 -5.121
-0.646 -0.376 -0.529
-0.642 0.905 -5.8488
-0.641 -0.103 -0.69185
-0.638 -0.543 -0.8724
-0.638 -0.254 -0.59193
-0.635 0.915 -5.3807
-0.633 0.273 -1.6874
-0.632 -0.396 -0.61099
-0.632 0.528 -2.832
-0.629 -0.299 -0.84885
-0.628 0.678 -3.9568
-0.627 0.344 -2.1396
-0.626 -0.552 -1.207
-0.626 0.117 -0.99216
-0.624 -0.864 -2.1348
-0.624 0.259 -1.5822
-0.623 -0.029 -0.92157
-0.621 0.182 -1.1958
-0.62 -0.592 -0.88426
-0.62 0.389 -2.3245
-0.618 0.776 -4.7247
-0.612 -0.164 -0.68251
-0.612 0.315 -1.8377
-0.61 -0.157 -0.7646
-0.608 -0.762 -1.5533
-0.607 0.07 -0.91803
-0.607 0.246 -1.3823
-0.606 0.643 -3.9418
-0.605 0.549 -3.0665
-0.604 0.731 -3.8619
-0.603 0.156 -1.4687
-0.6 -0.571 -1.169
-0.599 -0.671 -1.4925
-0.597 -0.971 -2.8151
-0.597 -0.533 -1.1709
-0.597 0.418 -2.3822
-0.596 0.451 -2.3722
-0.596 0.929 -5.9616
-0.595 -0.64 -1.1861
-0.595 0.923 -5.0339
-0.593 -0.556 -1.3178
-0.588 -0.987 -3.0464
-0.588 -0.329 -0.8829
-0.588 0.742 -4.6965
-0.581 0.843 -5.5427
-0.58 -0.985 -3.2305
-0.579 0.87 -4.9707
-0.574 -0.748 -2.1588
-0.573 -0.052 -0.86616
-0.571 0.013 -0.95173
-0.569 -0.252 -0.90557
-0.565 0.47 -2.6655
-0.559 0.694 -4.1098
-0.557 -0.21 -0.68047
-0.554 0.214 -1.6507
-0.553 -0.321 -0.8436
-0.552 -0.569 -1.2464
-0.548 -0.379 -1.2249
-0.544 0.009 -1.0516
-0.541 0.986 -7.45
-0.54 -0.81 -2.7172
-0.54 -0.794 -2.7412
-0.537 -0.893 -3.1626
-0.537 -0.524 -1.5703
-0.535 0.859 -5.2325
-0.532 -0.039 -0.93357
-0.528 0.348 -1.933
-0.528 0.899 -5.6001
-0.521 0.213 -1.7646
-0.519 -0.033 -1.0764
-0.518 -0.333 -0.91166
-0.516 -0.02 -1.0533
-0.514 0.433 -2.2036
-0.512 -0.961 -3.7149
-0.511 0.837 -5.1484
-0.51 0.412 -2.3073
-0.509 0.825 -5.3529
-0.506 -0.187 -0.99224
-0.502 -0.662 -1.509
-0.502 -0.046 -1.0958
-0.501 0.565 -3.5801
-0.496 -0.355 -1.1624
-0.496 0.133 -1.4503
-0.493 -0.941 -4.3155
-0.491 -0.753 -2.3102
-0.489 -0.619 -1.6284
-0.484 0.963 -6.0169
-0.482 -0.437 -1.4928
-0.482 -0.385 -1.1292
-0.478 0.47 -2.6229
-0.476 -0.051 -0.98177
-0.472 -0.007 -1.2762
-0.472 0.062 -1.3337
-0.47 0.955 -6.0642
-0.469 -0.689 -2.3106
-0.462 0.254 -1.564
-0.459 -0.574 -1.3488
-0.459 0.027 -1.2532
-0.458 0.74 -4.2441
-0.455 0.876 -5.7463
-0.449 -0.444 -1.4218
-0.448 -0.09 -1.214
-0.445 0.738 -4.2685
-0.441 -0.571 -1.5286
-0.44 0.642 -3.6284
-0.438 -0.735 -2.193
-0.436 -0.225 -0.89759
-0.433 -0.707 -2.4091
-0.43 -0.213 -1.0169
-0.429 0.226 -1.7014
-0.425 -0.501 -1.5317
-0.425 0.207 -1.6629
-0.425 0.798 -4.2982
-0.423 -0.823 -2.1973
-0.421 0.164 -1.5548
-0.42 0.815 -4.2905
-0.419 0.04 -1.1858
-0.415 0.55 -3.0903
-0.409 0.843 -5.5134
-0.407 0.345 -2.0251
-0.405 -0.138 -1.2728
-0.405 0.691 -3.922
-0.403 0.236 -1.7353
-0.401 0.147 -1.5774
-0.398 -0.182 -1.0811
-0.395 -0.691 -1.9811
-0.395 0.379 -2.2402
-0.393 0.957 -5.8822
-0.388 0.363 -2.2143
-0.388 0.95 -4.7894
-0.387 0.807 -4.8862
-0.386 0.673 -4.0197
-0.382 0.617 -3.8561
-0.382 0.775 -4.8371
-0.38 0.701 -3.6564
-0.379 -0.399 -1.2823
-0.379 -0.237 -1.0165
-0.377 -0.272 -1.2017
-0.375 0.27 -1.8248
-0.374 -0.723 -3.307
-0.374 -0.419 -1.3568
-0.372 -0.825 -2.6584
-0.372 -0.3 -1.3188
-0.369 -0.845 -3.5482
-0.369 -0.585 -2.0958
-0.365 0.643 -3.6471
-0.362 -0.644 -1.9868
-0.359 -0.479 -1.5297
-0.359 0.377 -2.2264
-0.359 0.382 -2.203
-0.358 0.798 -4.3165
-0.357 -0.286 -1.1757
-0.354 0.128 -1.3919
-0.352 -0.379 -1.3826
-0.35 0.779 -4.6758
-0.349 0.674 -3.5166
-0.348 0.946 -5.3673
-0.346 0.659 -3.9389
-0.346 0.847 -4.812
-0.336 0.195 -1.7939
-0.334 0.686 -3.9002
-0.33 0.312 -2.0054
-0.329 0.796 -5.0326
-0.324 0.094 -1.4373
-0.323 -0.618 -1.9748
-0.318 -0.806 -2.4418
-0.318 0.7 -3.6411
-0.317 0.364 -2.0759
-0.314 -0.048 -1.2518
-0.313 0.444 -2.4692
-0.312 0.003 -1.2097
-0.308 -0.131 -1.2947
-0.308 0.256 -1.6551
-0.305 -0.908 -3.9124
-0.304 -0.779 -2.953
-0.304 0.046 -1.2806
-0.302 -0.419 -1.628
-0.3 0.789 -4.4736
-0.298 0.055 -1.3616
-0.294 0.543 -2.5955
-0.292 -0.224 -1.1013
-0.29 -0.433 -1.3397
-0.288 0.685 -3.3314
-0.285 0.763 -4.5822
-0.283 -0.492 -1.9066
-0.281 0.692 -3.8947
-0.28 -0.899 -4.1499
-0.278 -0.86 -4.3852
-0.278 0.562 -3.0656
-0.277 -0.985 -4.2121
-0.276 -0.568 -1.9147
-0.274 0.905 -4.8222
-0.272 -0.334 -1.4595
-0.26 0.292 -1.9314
-0.26 0.982 -5.2801
-0.258 -0.782 -2.5127
-0.255 -0.798 -3.5142
-0.242 -0.674 -2.7303
-0.238 -0.903 -4.1932
-0.238 0.343 -1.6668
-0.234 -0.039 -1.1748
-0.229 0.427 -2.1924
-0.229 0.951 -5.1955
-0.225 -0.786 -3.4577
-0.223 0.101 -1.4382
-0.222 0.618 -3.2919
-0.215 0.503 -2.4981
-0.213 -0.688 -2.2581
-0.213 -0.425 -1.6407
-0.212 0.229 -1.4859
-0.21 0.107 -1.3781
-0.207 -0.749 -3.1652
-0.202 -0.916 -4.5141
-0.2 -0.054 -1.1927
-0.197 -0.64 -2.4524
-0.196 -0.331 -1.5421
-0.194 -0.151 -1.0961
-0.192 0.851 -3.6712
-0.191 0.142 -1.5055
-0.189 -0.478 -1.8422
-0.186 0.065 -1.3332
-0.184 -0.777 -2.7986
-0.182 0.085 -1.2911
-0.181 -0.517 -2.1466
-0.181 -0.405 -1.7736
-0.176 -0.121 -1.141
-0.17 0.004 -1.2341
-0.167 0.683 -3.5903
-0.166 -0.484 -1.8532
-0.161 0.789 -3.8648
-0.16 0.61 -2.814
-0.158 -0.074 -1.053
-0.158 0.671 -2.9801
-0.157 -0.429 -1.7796
-0.155 0.272 -1.4323
-0.151 -0.14 -1.3613
-0.144 -0.586 -2.2873
-0.143 -0.924 -3.8877
-0.143 -0.135 -1.2058
-0.142 -0.054 -1.0903
-0.142 0.385 -2.0484
-0.139 -0.461 -1.6948
-0.138 -0.413 -1.6898
-0.132 -0.232 -1.3419
-0.13 -0.848 -4.9618
-0.13 0.835 -3.6581
-0.127 -0.957 -4.6427
-0.127 0.309 -1.4626
-0.126 0.927 -4.7848
-0.124 -0.503 -2.066
-0.122 -0.228 -1.2404
-0.12 0.89 -4.2882
-0.119 -0.873 -3.4789
-0.116 0.247 -1.6001
-0.115 0.467 -2.0557
-0.114 0.77 -4.0753
-0.113 0.665 -2.9641
-0.111 -0.524 -2.0656
-0.111 0.354 -1.5854
-0.108 -0.923 -3.5051
-0.107 -0.608 -2.142
-0.106 -0.963 -4.716
-0.103 -0.434 -1.3716
-0.103 0.298 -1.4556
-0.1 0.274 -1.3794
-0.095 -0.543 -2.222
-0.09 0.984 -4.9874
-0.088 0.022 -1.0661
-0.087 0.255 -1.2398
-0.085 0.71 -3.2213
-0.082 0.263 -1.3213
-0.081 -0.426 -2.1231
-0.079 -0.898 -4.849
-0.076 0.68 -2.5459
-0.074 -0.265 -1.2619
-0.068 0.062 -1.1562
-0.067 -0.498 -2.0442
-0.066 -0.223 -1.2811
-0.064 -0.912 -4.7596
-0.063 -0.434 -1.6951
-0.059 -0.806 -3.0892
-0.059 -0.557 -2.1285
-0.056 0.916 -3.7241
-0.055 -0.426 -1.7168
-0.054 -0.936 -4.234
-0.053 -0.353 -1.4858
-0.047 -0.96 -4.6676
-0.047 0.068 -1.0167
-0.045 -0.199 -1.3193
-0.045 0.1 -1.2202
-0.044 -0.989 -4.2714
-0.044 0.862 -4.0625
-0.043 -0.556 -2.37
-0.042 0.92 -4.6545
-0.04 -0.778 -3.4245
-0.039 0.697 -3.1898
-0.036 -0.81 -4.1007
-0.035 -0.7 -2.7326
-0.032 -0.97 -4.994
-0.032 -0.461 -1.8301
-0.032 0.208 -1.2841
-0.022 -0.736 -2.9933
-0.022 -0.436 -1.7034
-0.021 0.506 -2.1579
-0.021 0.926 -5.2008
-0.02 -0.953 -3.8928
-0.019 -0.172 -1.236
-0.019 0.149 -1.0241
-0.019 0.363 -1.7142
-0.016 -0.773 -2.617
-0.016 -0.685 -2.3422
-0.011 0.262 -1.2054
-0.011 0.775 -3.6651
-0.01 0.166 -1.2355
-0.008 0.127 -1.0784
-0.007 0.068 -1.1333
-0.006 -0.865 -4.8572
-0.006 0.821 -3.0616
-0.005 -0.707 -2.7693
-0.001 -0.162 -1.1454
0.003 -0.579 -2.3647
0.01 -0.405 -1.8017
0.012 0.31 -1.4176
0.013 0.111 -1.1777
0.016 -0.979 -5.4158
0.017 0.094 -1.0427
0.018 -0.415 -1.7829
0.018 -0.287 -1.283
0.018 -0.04 -1.1344
0.022 0.224 -1.13
0.023 0.566 -2.2028
0.026 -0.72 -3.4034
0.031 -0.812 -3.9988
0.031 -0.28 -1.092
0.032 -0.532 -2.1984
0.033 0.221 -1.1909
0.04 -0.714 -2.6537
0.042 -0.009 -0.9424
0.043 -0.52 -2.045
0.044 0.094 -0.99415
0.046 -0.636 -2.7732
0.046 -0.318 -1.2898
0.052 -0.637 -2.2982
0.053 0.991 -4.6472
0.054 0.421 -1.5549
0.055 0.285 -1.164
0.063 0.564 -2.1937
0.063 0.62 -2.2566
0.068 -0.498 -2.1472
0.068 0.466 -1.7862
0.072 -0.52 -2.0967
0.074 0.435 -1.413
0.076 0.18 -0.97438
0.079 -0.347 -1.2726
0.082 -0.895 -4.4439
0.085 0.911 -4.0579
0.086 0.119 -0.80026
0.086 0.917 -3.7981
0.088 -0.529 -1.9326
0.088 0.139 -0.88198
0.091 0.504 -1.3642
0.094 -0.305 -1.26
0.095 -0.593 -2.7933
0.098 0.872 -3.9849
0.1 -0.946 -5.0897
0.101 0.64 -2.1838
0.102 -0.075 -0.93613
0.104 0.518 -1.6481
0.106 0.398 -1.2097
0.107 0.092 -0.86197
0.108 -0.045 -0.80486
0.111 -0.678 -2.9177
0.111 -0.329 -1.4274
0.112 0.65 -2.7779
0.119 -0.11 -0.90413
0.12 0.874 -3.254
0.124 -0.204 -1.2431
0.134 0.407 -1.5794
0.136 -0.452 -1.8563
0.137 -0.966 -5.2476
0.139 -0.593 -2.251
0.139 0.523 -1.5322
0.145 -0.395 -1.9139
0.145 0.72 -2.7422
0.15 0.375 -1.1596
0.152 -0.477 -1.7951
0.154 -0.143 -1.046
0.157 0.564 -2.2711
0.16 0.65 -2.2893
0.161 -0.417 -1.5406
0.164 0.307 -1.0615
0.165 0.26 -0.89938
0.168 0.753 -2.8913
0.169 -0.736 -3.175
0.171 0.062 -0.79248
0.171 0.651 -2.4647
0.172 -0.003 -0.70625
0.172 0.138 -0.89791
0.172 0.876 -3.2361
0.173 -0.859 -3.6075
0.174 -0.537 -2.3632
0.175 0.726 -2.3504
0.176 -0.74 -3.4237
0.178 -0.375 -1.6842
0.179 -0.736 -3.2772
0.18 -0.782 -3.2201
0.184 -0.763 -3.3342
0.184 0.271 -0.94928
0.185 0.709 -2.2216
0.188 -0.982 -4.4608
0.19 -0.747 -3.4738
0.192 -0.707 -2.8499
0.192 -0.521 -2.0918
0.193 -0.548 -2.1598
0.194 -0.113 -0.81368
0.196 0.19 -1.0433
0.197 -0.725 -3.6233
0.197 0.153 -0.77931
0.198 0.671 -1.6803
0.199 -0.835 -3.9287
0.2 -0.813 -3.5834
0.202 -0.113 -0.97484
0.206 0.538 -1.7297
0.209 -0.62 -2.8162
0.211 -0.618 -2.8404
0.212 0.396 -1.355
0.212 0.529 -1.2807
0.213 0.347 -1.1513
0.213 0.635 -1.6808
0.215 -0.804 -3.9775
0.221 -0.782 -3.3859
0.221 0.069 -0.62028
0.224 -0.063 -0.93785
0.23 -0.994 -5.3924
0.23 -0.419 -1.7711
0.232 -0.524 -2.0994
0.233 0.014 -0.88447
0.234 0.063 -0.65085
0.235 -0.727 -3.0706
0.24 -0.963 -5.3319
0.24 0.174 -0.78576
0.241 0.112 -0.94051
0.241 0.689 -2.666
0.244 -0.211 -1.0835
0.247 -0.424 -1.9656
0.248 0.594 -1.7026
0.252 -0.307 -1.4264
0.254 0.673 -1.9814
0.261 0.131 -0.9089
0.264 0.095 -0.81848
0.267 -0.043 -0.77634
0.268 -0.961 -5.1423
0.269 -0.177 -0.9689
0.269 0.945 -3.1962
0.27 -1 -4.8859
0.273 -0.017 -0.81064
0.278 -0.049 -0.75726
0.283 -0.935 -5.8282
0.286 -0.318 -1.5041
0.286 -0.123 -0.86734
0.286 0.856 -2.9268
0.29 -0.076 -0.79739
0.29 0.441 -1.1758
0.291 0.453 -1.1622
0.292 -0.747 -3.3442
0.298 -0.92 -5.1562
0.298 0.87 -2.6999
0.302 -0.82 -4.1023
0.302 -0.073 -0.87729
0.302 0.2 -0.86206
0.306 0.567 -1.2204
0.313 -0.989 -5.167
0.316 -0.265 -1.1341
0.318 -0.397 -1.8202
0.319 -0.905 -4.874
0.319 0.061 -0.72997
0.325 -0.621 -2.7608
0.325 -0.288 -1.1971
0.327 -0.55 -2.0399
0.33 0.167 -0.77857
0.332 0.798 -2.1958
0.336 -0.745 -3.5476
0.336 -0.39 -1.9136
0.337 0.078 -0.78036
0.342 -0.159 -1.0758
0.343 -0.704 -3.3148
0.345 0.875 -2.7246
0.346 -0.957 -5.6201
0.347 -0.419 -2.0804
0.349 -0.508 -2.2467
0.351 -0.634 -3.4329
0.352 -0.645 -3.1855
0.356 0.826 -1.807
0.362 -0.724 -4.2486
0.362 0.775 -1.9239
0.363 -0.905 -4.6863
0.37 0.733 -1.9692
0.371 -0.609 -3.0418
0.372 -0.286 -1.3132
0.372 0.625 -1.5572
0.373 -0.923 -4.8869
0.376 -0.119 -0.79354
0.378 -0.613 -3.3056
0.379 -0.997 -5.8639
0.379 -0.927 -5.6524
0.386 -0.356 -1.75
0.387 0.335 -0.59272
0.395 -0.675 -3.2833
0.395 0.287 -0.62447
0.398 0.381 -0.77727
0.402 -0.349 -1.3044
0.408 -0.799 -3.9887
0.412 -0.098 -0.93095
0.417 -0.948 -6.4549
0.418 -0.336 -1.7715
0.422 0.955 -3.5486
0.423 0.398 -0.8085
0.424 -0.725 -3.3721
0.426 -0.565 -2.5679
0.428 0.01 -0.7519
0.43 0.822 -2.1722
0.438 0.756 -1.744
0.441 0.143 -0.50252
0.441 0.333 -0.58448
0.442 -0.297 -1.4907
0.443 -0.919 -4.8811
0.444 0.281 -0.52205
0.45 -0.508 -2.3501
0.454 -0.59 -2.9002
0.456 -0.625 -3.3132
0.459 -0.366 -1.4869
0.47 -0.967 -6.2952
0.471 -0.813 -4.3322
0.471 0.623 -1.9143
0.475 -0.111 -0.97872
0.479 -0.531 -2.3172
0.481 -0.089 -0.75116
0.482 0.186 -0.47188
0.484 -0.813 -4.5893
0.49 -0.653 -3.2792
0.493 -0.557 -2.299
0.494 -0.522 -2.6055
0.5 0.954 -2.8102
0.501 -0.082 -0.88301
0.509 -0.851 -4.7971
0.51 -0.713 -4.0387
0.512 -0.734 -3.8025
0.512 -0.079 -0.68515
0.512 0.433 -0.7429
0.516 -0.59 -2.6245
0.518 -0.06 -0.82139
0.519 -0.482 -2.0233
0.524 0.379 -0.65367
0.524 0.53 -0.94213
0.527 0.276 -0.47908
0.529 0.683 -1.3613
0.531 0.438 -0.70236
0.531 0.953 -2.4156
0.533 0.794 -1.7494
0.535 -0.5 -2.685
0.538 0.407 -0.7521
0.541 0.06 -0.58481
0.542 -0.188 -1.0012
0.543 -0.694 -4.5712
0.543 0.78 -1.905
0.544 -0.699 -4.1059
0.544 0.919 -2.2361
0.546 0.393 -0.73859
0.547 -0.817 -4.3822
0.547 -0.547 -3.099
0.547 0.381 -0.39003
0.553 -0.845 -5.0225
0.558 0.11 -0.36256
0.56 -0.466 -2.3622
0.56 -0.429 -1.9682
0.561 -0.448 -2.0405
0.561 0.9 -2.4543
0.565 -0.969 -5.7772
0.568 -0.496 -2.5451
0.568 0.83 -1.8799
0.576 -0.512 -2.5784
0.578 0.79 -2.0029
0.58 0.44 -0.65198
0.587 -0.618 -3.0936
0.587 -0.348 -1.747
0.591 -0.281 -1.3225
0.591 0.509 -0.35569
0.593 -0.317 -1.9292
0.593 0.783 -1.4932
0.595 0.612 -0.89924
0.597 -0.641 -3.4276
0.597 0.596 -0.49677
0.6 -0.989 -6.2239
0.607 -0.41 -1.9178
0.607 0.391 -0.296
0.608 -0.648 -3.6776
0.612 -0.504 -2.8722
0.612 0.604 -0.58004
0.618 -0.708 -3.792
0.618 0.641 -1.2034
0.621 0.27 -0.34117
0.623 0.241 -0.26993
0.627 0.102 -0.3676
0.63 0.751 -1.4478
0.631 -0.325 -1.7282
0.632 -0.323 -1.8095
0.634 -0.058 -0.73492
0.636 0.429 -0.27585
0.638 -0.904 -5.0254
0.638 0.278 -0.29498
0.64 -0.396 -2.0191
0.643 -0.902 -5.5258
0.643 -0.16 -0.99614
0.646 -0.376 -1.9477
0.648 0.68 -0.74942
0.652 -0.009 -0.54254
0.656 0.591 -0.86495
0.659 0.673 -0.99569
0.66 -0.219 -1.3448
0.661 -0.91 -6.0732
0.661 0.252 -0.23841
0.665 -0.834 -4.8373
0.666 -0.091 -0.71949
0.67 -0.447 -2.5064
0.672 -0.915 -6.0073
0.677 0.444 -0.35125
0.679 -0.389 -2.2018
0.682 -0.904 -5.0367
0.686 -0.458 -2.222
0.686 0.549 -0.78251
0.688 -0.71 -4.6534
0.688 0.883 -1.2642
0.693 0.09 -0.40812
0.693 0.339 -0.19368
0.696 -0.065 -0.71773
0.698 0.161 -0.40332
0.698 0.181 -0.17769
0.699 -0.543 -2.7026
0.7 -0.739 -4.2057
0.701 -0.143 -0.87739
0.701 0.377 -0.21384
0.703 0.963 -1.5988
0.704 -0.708 -4.1346
0.704 0.42 -0.34136
0.705 -0.561 -3.2083
0.705 -0.051 -0.55513
0.705 0.907 -1.7595
0.705 0.913 -1.7016
0.708 0.573 -0.61459
0.709 0.149 -0.19474
0.71 -0.489 -2.2933
0.71 -0.421 -2.4305
0.713 -0.315 -1.4549
0.718 0.783 -1.2004
0.721 -0.938 -5.6994
0.722 0.3 -0.10345
0.722 0.415 0.17597
0.727 -0.058 -0.55019
0.731 0.012 -0.50027
0.731 0.766 -1.4248
0.733 0.634 -0.50487
0.734 0.77 -1.3641
0.735 -0.05 -0.75824
0.735 0.441 -0.22736
0.736 0.89 -1.6879
0.74 -0.602 -3.2435
0.74 -0.19 -0.97011
0.741 0.964 -1.7913
0.743 -0.575 -3.0367
0.744 0.47 -0.14643
0.746 -0.092 -0.72369
0.747 0.881 -1.8459
0.749 -0.484 -2.7585
0.749 0.602 -0.18362
0.752 -0.704 -3.9615
0.758 -0.96 -6.7838
0.758 0.598 -0.85226
0.759 -0.907 -5.72
0.763 0.323 -0.061834
0.765 -0.097 -0.6462
0.767 -0.704 -3.7664
0.77 -0.136 -0.9106
0.771 0.778 -1.5849
0.772 -0.596 -3.0979
0.774 -0.244 -1.3417
0.776 0.522 -0.35578
0.777 -0.939 -5.3589
0.778 -0.742 -4.1762
0.778 0.59 -0.4356
0.779 -0.567 -2.6765
0.78 0.614 -0.56207
0.784 -0.715 -4.4879
0.784 0.276 -0.1708
0.785 0.752 -0.68933
0.786 -0.335 -1.828
0.788 -0.634 -3.2871
0.788 0.119 -0.14155
0.79 -0.069 -0.43388
0.791 -0.673 -3.9839
0.791 -0.453 -2.1672
0.792 -0.472 -2.5956
0.792 0.578 -0.72366
0.793 -0.205 -1.0458
0.793 0.472 0.0030447
0.795 0.125 -0.18139
0.796 -0.511 -2.3246
0.796 0.864 -1.7987
0.797 -0.177 -1.0144
0.8 0.277 -0.2063
0.803 -0.331 -1.6405
0.803 -0.263 -1.4589
0.805 0.121 -0.4273
0.808 0.752 -0.77145
0.811 -0.507 -2.7608
0.813 -0.95 -5.9656
0.814 -0.659 -3.8064
0.818 -0.78 -4.902
0.819 0.102 -0.034496
0.824 0.474 -0.21782
0.827 0.723 -0.8119
0.833 -0.5 -2.715
0.835 -0.797 -4.5983
0.837 0.712 -0.55389
0.838 -0.106 -0.57939
0.838 0.24 -0.010471
0.843 -0.708 -3.8004
0.845 0.65 -0.45623
0.852 -0.99 -7.0566
0.853 -0.319 -1.5159
0.855 -0.358 -1.823
0.86 0.86 -1.0081
0.863 0.996 -1.727
0.864 -0.193 -1.0078
0.87 0.411 0.20138
0.871 -0.347 -1.6132
0.872 -0.403 -2.2359
0.874 0.333 0.022257
0.875 0.983 -1.8377
0.876 -0.93 -6.4795
0.884 0.947 -1.73
0.885 -0.703 -4.0877
0.889 -0.533 -2.7791
0.89 -0.942 -6.1195
0.893 0.33 0.038289
0.895 0.902 -0.3389
0.898 -0.552 -3.0672
0.899 -0.274 -1.2967
0.9 0.492 0.47445
0.903 0.883 -1.7036
0.905 0.471 0.33432
0.91 0.955 -1.8547
0.911 -0.587 -2.9339
0.911 0.908 -1.1229
0.913 -0.907 -5.3217
0.916 -0.061 -0.53722
0.917 -0.985 -6.4497
0.917 0.771 -0.94223
0.919 0.717 -0.39951
0.922 -0.416 -2.3186
0.922 -0.199 -0.95274
0.922 0.092 -0.02818
0.923 -0.937 -6.3383
0.923 -0.579 -3.1379
0.926 0.52 -0.12925
0.933 -0.838 -5.6903
0.937 -0.732 -4.6383
0.941 -0.666 -3.9742
0.943 0.42 0.55645
0.946 -0.492 -2.653
0.948 0.838 -0.67282
0.949 0.034 0.014111
0.95 -0.316 -1.315
0.951 -0.352 -1.689
0.951 -0.298 -1.4046
0.954 -0.327 -1.5371
0.955 0.508 0.14086
0.956 -0.294 -1.3265
0.957 -0.802 -5.1744
0.965 -0.195 -0.913
0.972 -0.717 -4.2631
0.973 -0.218 -0.78905
0.975 0.771 -0.22668
0.978 -0.892 -5.6796
0.979 -0.56 -2.7715
0.979 0.001 -0.086264
0.98 -0.014 0.012725
0.981 -0.642 -3.4304
0.982 -0.937 -6.6719
0.986 0.438 0.75806
0.989 -0.456 -2.6151
0.989 0.965 -1.6534
0.99 0.054 0.15705
0.991 0.165 0.31344
0.992 0.234 0.60376
0.996 0.428 0.45255
0.996 0.448 0.44721
0.998 0.293 0.42538
1 -0.386 -1.7759
